3.899506995676167431e-01
1.137303009344651894e+00
1.345844565922429625e+00
3.896373192857779388e-01
1.065860591202090646e+00
6.876469856482794185e-01
7.932146957172202528e-01
9.005136442375938355e-01
2.028141176006935886e+00
1.355943946513300968e+00
6.975628133994489222e-01
1.310790484835886227e+00
1.235724164590959573e+00
1.527518207302628606e-01
8.895847142468248370e-01
1.164438345062189128e+00
9.551906828656834270e-01
7.378343417984919439e-01
2.112990830966135380e+00
1.079403152615690642e+00
3.291955414947059233e-01
1.279154401230363280e+00
1.110180033078816075e+00
3.616761807848195009e-01
9.193391595095243840e-01
1.113540737971978833e+00
8.624647435073435897e-01
9.074149220807963268e-01
1.261015164931969634e+00
1.147990719798760662e+00
3.579992785394272015e-01
1.254124792487162798e+00
1.411425106874160340e+00
2.244053463927132008e-01
1.032491959131133008e+00
1.147670429359826549e+00
9.027160899094248681e-01
5.965366248587181675e-01
2.102700646232205095e+00
1.263066470808674069e+00
3.774066225279816278e-01
1.200685515856191543e+00
1.174158060123248193e+00
4.122860256897321607e-01
9.209833772550058972e-01
1.138439283714277384e+00
9.265049732689687456e-01
5.330012018466717683e-01
1.254660872822703777e+00
1.093856965366064804e+00
3.878022367097302969e-01
1.307900784200637156e+00
1.174060746818688550e+00
4.684341474394613236e-01
9.415689001460526564e-01
6.592625855898979204e-01
6.580016661419519908e-01
7.869616931656099323e-01
1.223247489424995171e+00
1.303047178677945617e+00
4.045486718050940733e-01
1.072759283957955390e+00
1.144805960241536358e+00
4.270855901027444390e-01
9.169664666785725116e-01
6.577575827424091415e-01
7.633900303163757561e-01
8.703731785481796379e-01
1.200817952107185116e+00
1.310137554112177360e+00
3.468537562671422103e-01
1.371402407992361461e+00
7.911541618253832286e-01
5.470844282667020053e-01
8.652595930611312047e-01
6.377034413054181172e-01
8.448895809588452543e-01
3.209898753842321817e-01
1.212037403184638595e+00
1.275771910792469210e+00
6.927092686591576065e-01
1.458572310303583697e+00
8.442726126383496288e-01
4.623669229265559011e-01
8.715919915484198199e-01
7.201049460534990621e-01
7.780040071974823057e-01
5.078167585574109300e-01
2.070826082039322280e+00
1.245566550207820811e+00
7.228632142362385604e-01
1.364123253290672411e+00
1.051391340528810892e+00
2.606093292824303020e-01
8.667927328703602941e-01
6.134198461041620032e-01
8.165653778304239330e-01
9.213373654177205996e-01
1.258092298934623710e+00
1.312986718588883717e+00
3.822275098030968321e-01
1.159536131751716326e+00
9.759767371693746085e-01
2.812919293298780099e-01
1.033999099081133632e+00
7.108371878075733230e-01
6.851410475052877036e-01
5.188852063579978413e-01
2.021474141357983534e+00
1.186602095236861443e+00
3.803919642167443715e-01
1.116393998949207766e+00
7.608106767121891600e-01
5.002188625995411808e-01
8.490630356883455132e-01
6.710921495458811448e-01
8.158824650952106738e-01
4.291143962320269623e-01
1.190488647201023653e+00
1.227742856581999442e+00
2.821688193632200248e-01
1.376788251143598707e+00
6.689752221626258377e-01
3.830546538737738538e-01
9.151586350438610795e-01
1.133341126701191470e+00
7.291750622137664894e-01
8.574809121914581667e-01
1.260280361769340551e+00
1.072150504765444268e+00
3.784875879182728609e-01
1.175243422159159001e+00
9.318910979057245525e-01
4.273522839824164254e-01
1.014423393553173902e+00
7.350247884878075011e-01
7.261010025384042610e-01
4.932922323079007021e-01
1.998398163548161577e+00
1.055658824486508385e+00
3.341198222813197005e-01
1.282612075361984294e+00
7.770388884707080113e-01
2.876041441261480425e-01
9.363785583173023230e-01
1.134052071763256064e+00
7.522553369422750880e-01
5.086601660074308029e-01
1.277002047469896651e+00
1.148960021083101468e+00
7.396549870904769453e-01
1.344256344490200705e+00
1.050302641992769015e+00
2.550923209519865287e-01
8.751986089650547473e-01
6.483135571921138096e-01
6.821698977923655871e-01
9.460504008829457856e-01
1.258973080268818823e+00
1.257867288944182205e+00
2.314805835289708291e-01
1.650128885203507423e+00
7.156235591241959515e-01
2.594755737491254988e-01
9.505853790965277383e-01
1.040020631640646620e+00
8.664070551627502947e-01
7.595606648497698066e-01
1.283729825341775044e+00
1.143471264519055230e+00
7.093747000543548786e-01
1.206748694160754143e+00
5.798430444994263633e-01
2.351222367042239414e-01
8.464156510319112980e-01
6.666089430738377786e-01
6.542685806732122522e-01
9.795278763761773311e-01
1.235808739788379462e+00
1.189117449345097777e+00
3.056900205909188761e-01
1.346766284485060750e+00
1.318577593878412113e+00
1.438942020180860870e-01
1.038908098632267407e+00
1.121921408565631939e+00
8.534652122282072595e-01
9.802746800140770267e-01
2.088760449454663437e+00
1.154429230389456773e+00
8.087568055222212893e-01
1.029554498348318914e+00
1.047210499779059667e+00
2.245632468925099490e-01
8.117453784090156166e-01
7.092796795428921719e-01
7.193387700434920040e-01
6.968875196903854263e-01
1.208416114989058876e+00
9.853933277402364688e-01
3.321747803294984314e-01
1.419264017478910622e+00
7.570179859445055337e-01
3.237400285641204856e-01
1.013579810535621073e+00
6.156018440791160007e-01
6.455904556609959322e-01
7.394299735098431858e-01
1.226772822151256825e+00
1.258038826896637818e+00
3.071919688697675732e-01
1.445268451714815994e+00
7.350333329745822875e-01
5.008466371893033342e-01
9.205766234910004453e-01
6.092755521432069443e-01
7.935029449244916933e-01
6.876016123458216223e-01
1.220751123593975862e+00
1.337445822934032247e+00
3.897472786615516216e-01
1.171248842083710828e+00
1.194081649344891138e+00
4.322982630014889915e-01
8.643676479277337954e-01
1.177712813274037984e+00
7.646665474232312576e-01
5.561918856631975494e-01
1.273476714743634997e+00
1.193968372864409266e+00
6.843857857406537848e-01
1.457154261552190633e+00
6.180437278062517192e-01
2.863598561988985880e-01
9.195734565800477434e-01
6.296908914134619062e-01
6.959292902641185385e-01
8.636013722558474326e-01
1.259716924072065813e+00
1.244686661264434502e+00
2.986833408872162643e-01
1.372068774459558105e+00
9.182774585006889811e-01
3.874721203066921471e-01
9.517744809621594415e-01
1.195187762189185987e+00
7.977327699216928414e-01
5.288116241918180416e-01
2.076530436959682646e+00
1.048742827316137660e+00
2.422297806356032424e-01
1.465801726982484343e+00
8.632453281859300276e-01
3.467513375597371938e-01
9.986856352973342288e-01
1.131866161939022897e+00
8.807416139253975151e-01
8.707103256881824072e-01
2.084363376034824800e+00
1.165536169102401987e+00
3.725972507769045317e-01
1.189581067100466072e+00
1.210386501193266851e+00
2.618536172096797565e-01
8.835978346076148737e-01
1.117781026453956272e+00
8.728914245085804824e-01
5.663961591693039699e-01
1.275377422332454325e+00
1.217260078407550683e+00
2.799465260811565548e-01
1.528587625376956138e+00
8.993452545105284912e-01
4.291250130751083636e-01
1.020569857085783738e+00
6.418438234170942280e-01
8.254633686784720314e-01
7.348683962290053495e-01
2.025420430306847930e+00
1.212941062774375300e+00
6.777815340565740421e-01
1.325105161086981509e+00
6.302074321388230205e-01
2.458519179334122395e-01
7.854109561863781286e-01
1.151670462517514704e+00
7.899405778181260995e-01
6.406335480259701676e-01
1.307586721090634230e+00
1.128067697742031195e+00
6.970340439207849403e-01
1.236185367933234858e+00
5.599194552777835288e-01
2.151099993924670273e-01
9.030313803591833999e-01
6.273354135140772891e-01
8.161070065189498512e-01
9.563371925596515499e-01
1.216992897867448242e+00
1.089006041846753092e+00
6.736833571413414212e-01
1.339277767710707723e+00
6.013379461875070220e-01
2.159506184636976744e-01
7.934713134329939299e-01
1.150819987465618643e+00
8.047299298985336469e-01
6.499578829472045793e-01
1.287292232203826714e+00
9.652967028901180413e-01
2.647868779072054535e-01
1.625542499718995115e+00
9.638370969262171073e-01
2.583760318515999632e-01
9.956071011095205536e-01
1.136760978216592832e+00
8.005692828326184118e-01
4.556044123153547565e-01
2.100860681866312252e+00
1.064944157425047111e+00
3.875249853794881516e-01
1.323048216317068260e+00
1.424451681692793681e+00
4.783686222028233903e-01
9.697788699696565651e-01
6.862155099899404087e-01
8.609548538879366886e-01
4.335793697007447323e-01
2.038616783281142375e+00
1.334758930873340299e+00
8.005143263038839718e-01
1.044818565497073193e+00
1.056156396508732831e+00
2.344523090504675999e-01
8.603007504896719171e-01
6.708566250350276317e-01
8.663878438088220557e-01
6.643725009526252334e-01
1.209894761954935172e+00
1.048052915093804938e+00
5.877897658553588034e-01
1.673846522653061220e+00
6.055187869372581355e-01
2.519967008536180830e-01
8.485186678943384964e-01
1.054960154026888697e+00
9.019565376854653538e-01
8.744077286745397526e-01
1.336968416149391548e+00
1.292890093738765289e+00
7.158565345325360596e-01
1.389425743265169766e+00
6.510912051510874266e-01
5.041872475710362789e-01
7.796591152002522174e-01
6.866861997277159402e-01
7.608329355239095149e-01
4.698743095954616145e-01
1.245862286439642919e+00
1.207300315515564604e+00
3.654357369488583918e-01
1.179403040552188031e+00
9.770654357054165962e-01
2.868089376603217833e-01
1.025593222986439290e+00
6.759434767196215166e-01
8.195365275433460495e-01
4.941721708927727663e-01
2.020593360023788421e+00
1.241721524881562733e+00
2.418715256051945928e-01
1.464267043198767881e+00
8.784614814982640851e-01
1.707896834374842687e-01
1.026321698071909649e+00
1.106828086206892880e+00
8.545710109726886161e-01
9.056276346595139026e-01
2.087144864957839463e+00
1.133708445000841891e+00
3.497272362337683349e-01
1.243580202022448900e+00
1.153176973806423922e+00
2.100988178018372843e-01
9.473207411321785676e-01
1.124246848379696573e+00
6.871093084361685754e-01
9.577209315961184855e-01
1.284971924075986704e+00
1.223814560904412208e+00
3.874439816793216473e-01
1.306366100416920695e+00
1.189276900131022385e+00
2.924724933172084818e-01
9.692049629206281880e-01
6.342245098577679041e-01
6.318310631892429807e-01
8.218790021369415388e-01
1.226028978348009613e+00
1.271219454576385521e+00
3.451812935400381810e-01
1.199829807643671309e+00
6.836775601037033967e-01
4.284518258799419055e-01
9.694016715401813089e-01
6.382844419118613999e-01
7.919387748685362549e-01
7.972484848423156967e-01
1.181267307023624591e+00
1.134185931580516504e+00
3.530655177279669044e-01
1.183031056711200346e+00
6.899478166863642903e-01
2.426011095997313294e-01
9.484823622341005400e-01
6.516694206875959239e-01
6.187190981504971932e-01
8.646808125514074961e-01
1.182570148980762736e+00
1.039698620125387718e+00
6.634958359711827791e-01
1.491193776976388552e+00
5.902629403909777084e-01
2.619755650596278240e-01
9.192279377319690914e-01
5.939467052736142616e-01
8.451141223825844317e-01
8.482126717118567694e-01
1.238541653851063185e+00
1.137035096057222860e+00
3.173280494270812602e-01
1.302478984162455999e+00
7.781275870067499989e-01
2.931211524565918158e-01
9.279726822226078697e-01
1.099158360675304369e+00
8.866508169803334338e-01
4.839471305422056169e-01
1.276121266135701537e+00
1.204079450727802980e+00
4.654533487773755418e-01
9.885960964070378276e-01
1.178825802798610711e+00
4.422771272074987881e-01
9.350769177653642794e-01
7.166993645207634378e-01
7.078241321203502245e-01
5.299968287005146772e-01
1.175049952445306634e+00
1.038113375182867060e+00
2.520932819681996895e-01
1.631236801895740607e+00
9.937952814135750934e-01
2.937943396517582739e-01
9.791408677682101880e-01
1.102717742180537197e+00
9.201754107902690993e-01
4.215670419288953252e-01
2.120274389418924432e+00
1.282834581921661776e+00
2.083333176555924315e-01
1.719275452241921354e+00
9.088049666114581537e-01
2.176552491046450377e-01
1.042518255444695230e+00
1.073439377966429742e+00
8.835781268363230856e-01
7.975031138117191221e-01
2.108693620941454405e+00
1.181737499211311659e+00
7.056347781695309074e-01
1.222455984568196818e+00
5.357574052357763073e-01
3.811825913567624124e-01
8.268399455039515678e-01
6.907965437540719567e-01
6.952285357063289206e-01
9.539349023260802474e-01
1.212732761978557505e+00
1.058174178594744719e+00
7.567596772162494823e-01
1.110649528031235400e+00
1.005831702103282765e+00
3.897054177375225970e-01
8.229601127229990709e-01
6.718466300767550470e-01
8.137288649194983625e-01
9.945445772941837737e-01
1.233762054027994104e+00
1.296785388479974266e+00
3.218306067605946619e-01
1.302922207421144174e+00
7.250960510134267789e-01
4.292924449511725804e-01
8.598416046139918389e-01
1.161769015863402865e+00
7.805616982481200505e-01
4.908691752298686706e-01
1.251566641360003285e+00
1.010476592623881231e+00
3.513048729878106569e-01
1.380972172964370470e+00
7.701418740676984065e-01
5.215551826245014011e-01
9.302811984830977599e-01
6.333236228336095452e-01
8.723325267665243965e-01
3.225122270329314200e-01
1.194102342597902489e+00
1.120541073649423236e+00
6.381197466591993495e-01
1.398971204809436042e+00
5.740866032880220793e-01
1.996141268560135129e-01
8.407279866162473692e-01
1.123242573355303309e+00
7.385539417837725384e-01
1.007245284987559497e+00
1.316300441499971496e+00
1.189741609883594009e+00
2.653770465089815844e-01
1.396655159944070412e+00
6.700639206986678253e-01
3.885716622042176271e-01
9.067527589491666262e-01
1.098447415613239775e+00
8.635705422518247243e-01
8.327678767262330917e-01
1.259399580435145438e+00
1.127269934410145780e+00
2.650187914785729348e-01
1.395120476160353951e+00
6.852800740110018829e-01
2.126100080819647020e-01
9.343888217237421578e-01
1.073409339881109759e+00
8.373999392991158253e-01
8.676851856975645871e-01
1.262181069358159879e+00
1.095442210308585684e+00
7.584268247183806322e-01
1.304429816191944091e+00
1.078642683428295834e+00
2.769458208901144358e-01
8.195360596871068548e-01
6.409972602144773379e-01
8.827413659451850414e-01
5.640499633773656818e-01
1.229084089638478927e+00
1.088541811595407527e+00
3.318975289992562305e-01
1.434411449595341725e+00
1.007408920818610776e+00
3.336745033274825523e-01
1.041789780359224871e+00
6.425547684791584890e-01
8.485436434069806300e-01
3.860476500449779858e-01
2.042142116007403807e+00
1.289750579092032501e+00
6.609897612023356572e-01
1.344972069887453214e+00
6.312961306748650081e-01
2.513689262638559851e-01
7.770050800916836753e-01
1.116776751429563008e+00
9.243360578561844454e-01
6.159205125607449816e-01
1.306705939756439339e+00
1.183187127386732485e+00
2.127897496012336742e-01
1.706637529401911602e+00
9.224582992504400947e-01
4.235182026966125002e-01
1.006821835423503897e+00
1.099327928750455818e+00
8.949593777086246593e-01
7.532614699191532148e-01
2.126206620905247480e+00
1.376336218164784908e+00
2.463279575508358354e-01
1.451629120358758129e+00
8.921148141372460261e-01
3.766526370294517312e-01
9.906252780507184275e-01
1.132716636990918957e+00
8.659522618449899678e-01
8.613859907669479954e-01
2.104657864921632093e+00
1.328307163954315140e+00
7.240475731380284774e-01
1.383288217829736100e+00
6.741645566570526604e-01
3.325976472762972591e-01
8.642564261501785028e-01
6.581187805756730791e-01
7.473159262984720996e-01
4.969896352942579920e-01
1.251003203662728547e+00
1.183012749122871687e+00
3.810431509013070261e-01
1.140371167212652859e+00
1.353203521041132396e+00
2.093036113360110251e-01
1.036535405801315424e+00
6.661382533360622471e-01
7.543904990372395369e-01
9.432329364814604489e-01
2.028563236629878919e+00
1.316576064702873472e+00
6.149724807858208964e-01
1.468117771847849973e+00
7.672680107752842815e-01
1.577938022115331074e-01
9.326608629644149717e-01
1.156661319681086431e+00
7.557250134573453293e-01
1.045187733949508813e+00
2.141264237099650636e+00
1.228007844575850438e+00
3.660712433095092422e-01
1.165790292219473390e+00
7.114583475189774076e-01
4.528361170192126695e-01
9.697471903882599609e-01
6.740286280517090445e-01
6.427539427500703617e-01
8.126371853863064709e-01
1.202442577244627220e+00
1.241837496787728146e+00
7.291559793972297587e-01
1.192434017909659083e+00
1.185359776951562916e+00
1.420221395010745902e-01
9.505894090923580064e-01
6.793768256185123144e-01
8.195186857207695796e-01
1.076728670148698885e+00
2.041212849663880391e+00
1.140452904218757224e+00
2.945390385841115122e-01
1.373160234984586392e+00
9.560928411816781436e-01
4.272624819343643909e-01
9.922694957961998297e-01
1.157615182733217507e+00
9.299924916066153457e-01
4.869722705328234369e-01
2.098303572812366458e+00
1.274173409521619282e+00
4.274640241071049340e-01
1.234034740478182623e+00
1.230181575669489602e+00
5.146719385168599947e-01
8.862518697161834158e-01
6.876904747521090933e-01
7.093883021763055519e-01
4.203499562040204918e-01
1.214533769015657905e+00
1.241373266536382580e+00
3.509466179574020073e-01
1.379437489180654008e+00
7.853580273800324640e-01
3.455935285022484482e-01
9.579172612576732915e-01
6.082855471014795290e-01
8.461619238138153865e-01
3.574295360042629710e-01
1.196883831520916930e+00
1.088713349547863141e+00
2.903598579687124426e-01
1.370650725708165041e+00
6.920485736685910716e-01
2.114650535790348063e-01
9.997559459937873649e-01
1.104773707549148609e+00
7.156580529883290742e-01
8.845962378902546552e-01
1.265421278992426402e+00
1.047862938372751351e+00
3.527882663977247035e-01
1.198178488827631449e+00
9.403387515604694213e-01
2.525355843630933683e-01
9.766923320577044487e-01
6.786223450876384122e-01
8.216722858964818910e-01
5.112984890865421850e-01
1.997939442836909718e+00
1.071410372320782622e+00
6.128535810152561103e-01
1.664524204317303413e+00
8.626782214689525663e-01
2.607862211140501985e-01
9.420957619879877232e-01
1.113277446094970369e+00
9.831678391206633005e-01
5.379364574023645096e-01
2.155577919639804829e+00
1.277022573998325639e+00
8.132132374678625597e-01
1.016916575508309162e+00
1.060863832418041719e+00
4.304262004844775502e-01
7.760489583878242836e-01
7.351682303269180263e-01
7.307200209157935777e-01
6.526458757978195191e-01
1.225929114952851950e+00
1.179992046693709717e+00
7.336124113428710292e-01
1.179796095069649331e+00
1.199013109590544968e+00
3.478850930930421637e-01
9.148929890711666735e-01
7.052653764025381689e-01
8.308999365930711534e-01
1.032487026256133200e+00
2.058725849627673465e+00
1.335051623172230473e+00
6.358974533771358795e-01
1.550770579042793473e+00
8.044566356359247328e-01
2.456844860573480505e-01
9.461392086581700278e-01
6.317452700712059555e-01
8.348422482484779694e-01
8.846327690251067910e-01
2.081440510037478653e+00
1.330532167892525264e+00
4.057330307068838793e-01
1.091924248497018857e+00
7.675791763697783487e-01
4.990739080966113961e-01
9.144301599583907203e-01
7.024565172139202174e-01
6.941405787844239228e-01
4.460254484247169748e-01
1.193728856835289953e+00
1.180163584646165331e+00
4.172422677440998373e-01
1.067064981781209898e+00
1.114847775754178594e+00
3.916672823025861283e-01
9.334327000198827662e-01
6.918008187784651097e-01
6.437839023587249576e-01
9.044105489346391247e-01
1.181404244554572491e+00
1.092247129615562695e+00
6.718193188896866008e-01
1.492611825727781616e+00
8.164918252230756179e-01
4.379826317872851371e-01
8.712464727003411680e-01
6.843607599136514175e-01
9.271888393159480879e-01
4.924280580134202112e-01
2.049650811818319429e+00
1.137914985000609169e+00
3.116430855904360198e-01
1.454838216686825003e+00
7.140210452168974653e-01
4.753173915471027300e-01
9.855982289129668894e-01
6.048957336713983723e-01
8.209458907321708354e-01
6.891239639945209161e-01
1.202816063007239755e+00
1.182214985790986272e+00
4.065740743376339283e-01
1.268074255902380543e+00
1.202400788254215591e+00
4.902876473775892863e-01
8.859063508681047638e-01
6.519462886122614487e-01
8.585731342947714451e-01
4.049612556600297175e-01
1.193358498794655276e+00
1.133721701329170939e+00
3.299182518545885068e-01
1.252177623749614277e+00
8.831292241736264925e-01
2.007807849552508961e-01
1.040415238582268032e+00
6.850881670133790458e-01
6.358901698240699840e-01
9.026232615133568116e-01
2.007533944580442320e+00
1.077964854817644147e+00
6.695390548382367246e-01
1.340369228235736010e+00
6.391533288684961844e-01
2.557409800913698628e-01
8.339663282670344291e-01
1.113247408009650163e+00
9.369896515834560402e-01
6.081185292882099747e-01
1.309065368056510525e+00
1.190727285095599663e+00
7.019382416449236883e-01
1.281470446095728910e+00
1.014202715668170329e+00
1.727186454366153867e-01
8.533143871766051269e-01
1.138335895714042367e+00
7.374481430392911818e-01
1.081892330342122843e+00
1.317916025996795915e+00
1.210462395272208891e+00
2.818915680329778239e-01
1.391935683260029810e+00
9.193661570367309688e-01
3.929891286371359205e-01
9.433686048674649882e-01
1.160294051101234292e+00
9.321282499597510762e-01
5.040985887265929666e-01
2.075649655625487533e+00
1.103862256960838950e+00
7.982570101999765244e-01
1.079925617111289204e+00
1.277118591411269044e+00
2.170162755452579306e-01
9.525791456859181716e-01
7.400195575006583981e-01
7.343740833639289534e-01
7.177036504585653232e-01
2.056033827775617162e+00
1.193970714993273008e+00
3.265799703603899373e-01
1.312726769060862830e+00
1.346358381293686124e+00
1.682784931573568510e-01
1.039253617480345948e+00
1.157665594705479695e+00
7.042803801097413663e-01
9.956633805580678009e-01
2.109935719675665844e+00
1.262080795596668414e+00
3.937367468403127901e-01
1.134676865035907367e+00
1.323245336553774631e+00
1.738853035358527144e-01
1.053001639142625789e+00
7.001814893721182154e-01
6.347843710795887384e-01
9.772703068679199356e-01
2.009149529077266294e+00
1.098685640206259029e+00
3.403719217889610849e-01
1.188725358887945838e+00
7.199060011737222764e-01
2.780194173998896678e-01
9.320161288927902854e-01
6.176261846515399556e-01
7.383252261081479917e-01
8.306434421649478983e-01
1.201983856533375361e+00
1.257589044622002383e+00
6.759174958049192217e-01
1.478439219104055402e+00
8.453613111743916164e-01
4.678839312569996745e-01
8.631861154537253666e-01
6.852112349655472556e-01
9.123994872355405406e-01
4.831037230921858550e-01
2.069945300705127167e+00
1.300685979852522323e+00
3.762937873015117507e-01
1.130566605572933980e+00
7.319411907608731616e-01
4.703175631298266990e-01
8.571233929349613145e-01
6.702416744939853066e-01
8.306718171756182212e-01
4.384387311532613185e-01
1.170194158314216137e+00
1.064971861730086289e+00
3.571636946431995252e-01
1.168858450087474132e+00
7.188173026376802888e-01
2.725024090694458945e-01
9.404220049874847387e-01
6.525198957394917620e-01
6.039297460700896458e-01
8.553564776301730843e-01
1.202864637867570252e+00
1.202469614977300871e+00
6.172297968897283438e-01
1.433010720233633961e+00
5.463058158727480684e-01
1.752298357167427489e-01
8.403824677681687172e-01
1.087498387215455553e+00
8.877387739022384316e-01
9.918565844435688339e-01
1.295125171278969090e+00
1.082090044676382368e+00
3.856491017463190007e-01
1.185421448707437042e+00
1.165212163393575251e+00
4.023969635317744542e-01
8.724280051743495967e-01
1.176862338222141924e+00
7.794558995036388049e-01
5.655162205844319612e-01
1.253182225856827481e+00
1.031197378012496113e+00
6.851464687906853035e-01
1.301337354896200615e+00
1.015291414204212428e+00
1.782356537670591323e-01
8.449085110819106736e-01
1.103442184626090672e+00
8.718436230773495277e-01
1.057179294876897657e+00
1.317035244662600801e+00
1.265581824916910403e+00
3.619730663942766213e-01
1.179962898843199604e+00
6.825888615676614091e-01
4.229348175494981321e-01
9.778075476348757622e-01
6.731781529998132063e-01
6.575432948304779091e-01
8.219615203075408827e-01
1.182148088357819704e+00
1.079066501935814992e+00
6.046625424097636925e-01
1.670661729752737079e+00
8.396048699629873324e-01
4.323758214087893292e-01
8.574984510380614378e-01
1.141844865247013230e+00
9.966848483461008268e-01
5.108211317035681320e-01
2.150437002416718979e+00
1.301310140391018777e+00
3.157412625056686406e-01
1.440665610063098789e+00
7.428905311682134638e-01
5.052186910168172673e-01
9.775378716663510881e-01
6.057462087232942105e-01
8.061565386517632881e-01
6.797996290732865043e-01
1.223110551894047271e+00
1.344985980642899426e+00
6.549925232136042386e-01
1.395786411909111902e+00
8.081726863137511652e-01
3.799932474111848424e-01
8.497077697599701995e-01
1.210127284575427842e+00
8.332822524444079004e-01
6.436586880165879876e-01
2.129769027767299150e+00
1.198161656535847497e+00
6.302355224712706816e-01
1.415769955741907005e+00
5.678163467053611857e-01
3.854648431362241445e-01
8.616472959223281380e-01
1.109857594579568785e+00
9.117736185018116002e-01
9.398129572784679198e-01
1.314997599542833351e+00
1.284228921338722795e+00
3.792015024609843299e-01
1.321630167565675196e+00
1.198222796860695549e+00
3.023615554751661327e-01
1.017760335001284266e+00
5.958014553499032528e-01
7.788801369545729214e-01
7.893639833991812349e-01
1.227507625313885908e+00
1.333879041929954212e+00
3.852908467159103512e-01
1.183886764923720580e+00
1.180428316705909086e+00
2.264353094095214458e-01
9.000640679489251283e-01
1.151824262490011908e+00
7.532852965509296839e-01
6.004335295557634566e-01
1.255963714779841922e+00
9.993696539109361288e-01
7.731931950400792175e-01
1.089247935447047233e+00
1.019959156879574724e+00
2.082267552848257874e-01
8.590020515922690558e-01
6.817022654325768372e-01
6.531627819287308956e-01
1.054174921730740566e+00
1.237424324285203658e+00
1.209838234733712659e+00
3.747910513936656418e-01
1.234257883686691093e+00
1.410336408338118463e+00
2.188883380622694275e-01
1.040897835225827572e+00
1.182564140447778245e+00
7.683206098713666332e-01
6.212496603239433535e-01
2.103581427566399764e+00
1.207947041163972779e+00
2.856314899178017952e-01
1.376228392852587135e+00
9.634517963003810248e-01
2.469287739845975327e-01
9.629443103954247185e-01
1.136106450421000336e+00
8.911682949266346299e-01
5.296915627766900503e-01
2.098725633435309490e+00
1.234805527711192008e+00
4.374967111529200481e-01
1.046638214689726620e+00
1.408235651355891571e+00
2.500243940829659506e-01
9.896242514661407474e-01
7.294598535862252264e-01
6.713816550335347522e-01
6.013342349850961943e-01
2.020730297554736765e+00
1.199782722916609146e+00
2.688850548224380743e-01
1.611369893095268901e+00
9.927065828775331058e-01
2.882773313213145006e-01
9.875467438629047523e-01
1.137611453268488892e+00
7.857799307522108645e-01
4.462800773941204002e-01
2.121155170753119545e+00
1.227715152276960264e+00
7.960632095832155253e-01
1.035248800525064405e+00
1.077168684266417653e+00
2.599815546926682597e-01
7.952791450677053620e-01
6.752364435068362036e-01
8.389448980011428025e-01
6.628501493039259396e-01
1.227829822541671279e+00
1.203283752236850912e+00
5.646424999819803503e-01
1.742993089691475150e+00
7.987001944245203378e-01
2.101763762091376220e-01
9.404515442425060989e-01
1.088378900352671819e+00
9.191276093590381446e-01
9.123501776364890681e-01
2.161932211749070909e+00
1.331156328431021496e+00
7.322447145974911864e-01
1.152749559238771315e+00
6.370525718862694031e-01
2.868770361120663859e-01
7.826927445073476042e-01
6.601431211480971450e-01
8.400506967456241592e-01
5.882031039493628155e-01
1.226214238044847082e+00
1.182562966848236030e+00
2.524515369986083391e-01
1.632771485679457069e+00
9.785791281012410359e-01
4.697559937740112268e-01
9.515048049936348784e-01
1.127755817912667213e+00
9.463460137429782204e-01
3.866497329575637742e-01
2.117492900495910213e+00
1.314662306023221872e+00
6.572498393175116860e-01
1.360679360294895890e+00
5.872104914112149521e-01
3.974292809163945117e-01
7.574293745637239450e-01
1.140964352109796964e+00
9.652960128893007807e-01
5.903275385106478979e-01
1.283629961946617382e+00
1.052243856636379427e+00
7.817424886759802849e-01
1.084645093795329807e+00
1.027816355073206012e+00
2.125988091123396651e-01
9.159632997676198096e-01
6.781729220126641033e-01
6.658163756560026014e-01
1.046372938458205448e+00
1.239783752585274845e+00
1.217378392442579838e+00
3.322557840296648801e-01
1.435946133379058187e+00
9.921927675062766072e-01
5.096361574497355607e-01
1.014153717584649339e+00
6.675928442112885053e-01
8.747142463596896400e-01
3.511303410736464348e-01
2.039360627084389144e+00
1.321578303193592596e+00
4.565458001110658248e-01
9.916642542750387923e-01
1.186184757917313481e+00
2.619434192577318465e-01
9.057517323645890572e-01
6.951906322085462664e-01
6.689999354403695087e-01
5.727161209443812906e-01
1.175472013068249666e+00
9.987454933724396744e-01
4.192215448887676166e-01
1.249298807626937124e+00
1.239127472399162544e+00
5.245610006748177012e-01
9.348072417968397163e-01
6.492674202442444420e-01
8.564373759416356036e-01
3.878349374662602989e-01
1.216012415981534200e+00
1.304032853889951271e+00
3.008364758506276160e-01
1.494548109952758219e+00
9.271260419258025021e-01
4.535093042143791275e-01
1.020915375933862279e+00
6.775880095569418726e-01
6.762785365600061382e-01
7.502570967729961238e-01
2.046595700527850337e+00
1.320592627981587164e+00
3.769449739860744053e-01
1.154543773836379073e+00
1.324334035089816508e+00
1.794023118662964877e-01
1.044595763047931225e+00
6.652877782841664089e-01
7.691798511176470843e-01
9.525572714026948606e-01
2.008268747743071181e+00
1.153805069850960319e+00
2.879341437805838511e-01
1.556395932680581184e+00
7.706556894389549051e-01
3.001963564960803965e-01
9.036742247613529511e-01
1.103342231890809710e+00
7.833982111590456210e-01
4.176619633534053855e-01
1.275896886266632890e+00
1.026677922732790904e+00
6.631835618190966564e-01
1.389648886473678235e+00
8.312460378197163990e-01
2.084036471164456561e-01
9.343050807098964849e-01
1.181559865423384981e+00
8.197652432189704852e-01
6.707740137153843651e-01
2.134909944990385000e+00
1.173874090143154580e+00
3.680966458420490972e-01
1.361105264163898765e+00
7.690531755316564189e-01
5.160381742940576277e-01
9.386870745777922131e-01
6.682173339215613517e-01
7.379370467284660506e-01
3.472252624981565505e-01
1.194983123932097602e+00
1.065421644004721724e+00
2.796916645622464781e-01
1.571659999829335685e+00
7.796015861686280690e-01
3.100854186540380475e-01
9.522295968420093626e-01
1.064919177382945170e+00
9.304472849243754506e-01
3.851469446156452481e-01
1.277375533232509186e+00
1.089337510086359373e+00
3.068337138393589236e-01
1.443733767931099532e+00
7.502494862869163450e-01
3.248849830670503813e-01
9.482126862655758659e-01
5.842374764110769281e-01
7.673323419717825722e-01
7.225189213171531177e-01
1.223532612516990303e+00
1.305618098832472151e+00
6.884847502848838730e-01
1.240788209584952062e+00
5.520622570841523524e-01
2.107379455649531497e-01
8.460701321838326461e-01
6.308647569339901340e-01
8.034534127916781454e-01
9.641391758321866678e-01
1.214633469567376833e+00
1.081465884137885913e+00
6.863308276924751095e-01
1.320502319435264305e+00
6.380646303324541968e-01
2.502239717609260894e-01
8.423722043617288824e-01
1.148141119097601859e+00
8.025941715453976943e-01
6.328315647534350497e-01
1.309946149390705639e+00
1.135607855450898374e+00
7.729159437098370722e-01
1.104395367563478336e+00
1.270350091753679855e+00
2.181612300481878264e-01
8.872120214158729645e-01
7.086551898326193255e-01
8.561159696747155934e-01
7.007925982658752551e-01
2.052793618141350418e+00
1.241549986929107341e+00
4.103139962224578996e-01
1.252366965494937867e+00
1.246486427517865314e+00
3.442272927250509262e-01
9.054820563960644941e-01
6.277586879320272706e-01
8.176131792616548877e-01
4.305542297101269122e-01
1.216434476604477233e+00
1.264664972079523997e+00
3.834268084642555308e-01
1.337220822940794474e+00
1.395582195741477793e+00
4.484673227331088530e-01
9.778392272162723664e-01
6.853650349380445705e-01
8.757442059683442359e-01
4.429037046219790885e-01
2.018322294394334637e+00
1.171987936021427146e+00
3.390590428273023704e-01
1.444589476143619766e+00
1.240729986306460919e+00
3.087191828768405255e-01
8.997943919804005652e-01
1.084392318213493134e+00
9.018985403722149519e-01
4.582716383215091893e-01
1.296926178316069489e+00
1.265289132618020229e+00
3.550447948726346281e-01
1.365264882556927795e+00
8.142275133313484625e-01
3.754948279719629856e-01
9.498569040110574901e-01
6.091360221533753672e-01
8.313725717334078391e-01
3.481052010830286148e-01
1.217178320407724446e+00
1.251484344399776294e+00
2.862669962784526456e-01
1.362615644519872493e+00
6.978447081139418362e-01
4.129559533434883911e-01
9.070982777972452782e-01
1.134191601753087530e+00
7.143857101333589421e-01
8.481565772702237549e-01
1.280574850656148067e+00
1.234921499617357421e+00
3.595473522061480298e-01
1.365708105815615969e+00
7.611959773380252425e-01
5.116661204665436946e-01
8.817258264024414594e-01
6.717466773414740855e-01
7.252834530011944558e-01
3.550272457706916684e-01
1.192623695632026193e+00
1.057881486295854545e+00
3.153830074752599910e-01
1.439130926279382328e+00
7.581066844805475213e-01
3.292570368945642589e-01
1.005173934440926509e+00
5.807081329911641943e-01
7.799859356990542780e-01
7.147169380446181108e-01
1.225892040817061712e+00
1.313158256541339330e+00
6.175880519201369934e-01
1.434545404017350423e+00
5.310896625604140109e-01
3.511914898389957851e-01
8.127464049935931856e-01
1.112536462947585569e+00
9.139093768549473307e-01
9.569392754722373384e-01
1.292343682355954648e+00
1.113917768777942463e+00
6.822326507772424886e-01
1.334674926058990518e+00
6.091951443811381983e-01
2.203226722912115521e-01
8.504325616083446837e-01
1.147290644045705799e+00
8.173835236258052417e-01
6.421558996746694614e-01
1.289651660503898123e+00
9.728368605989852202e-01
3.050388339063562215e-01
1.322789116221615879e+00
7.261847495494687665e-01
4.348094532816163538e-01
8.514357285192973857e-01
1.126875304775451170e+00
9.149571782861782854e-01
4.661561397646435956e-01
1.250685860025808172e+00
1.065596022268582743e+00
7.561695086144731848e-01
1.339536867806160103e+00
1.299604878330832047e+00
2.595097873849047665e-01
9.118144548833531093e-01
7.101601926801081044e-01
7.507276055002919390e-01
6.173811128833056605e-01
2.075223155459160473e+00
1.234459611494875597e+00
2.444863091105131392e-01
1.632888120711780466e+00
7.371340899568090688e-01
4.697105811686068666e-01
9.718502072506872702e-01
1.062379839004759852e+00
8.904418997623234633e-01
7.075170376846687814e-01
1.303602253605639527e+00
1.345610141181395880e+00
7.009003072646500243e-01
1.452434784868150031e+00
8.673459641443148627e-01
2.907773226318168258e-01
9.561893024983461054e-01
6.915375269014562010e-01
7.644869979720448905e-01
5.349320842562073075e-01
2.075966999262407686e+00
1.221278983815127894e+00
6.923510136287489569e-01
1.457037626519867235e+00
8.594887659506836863e-01
2.864052688043029482e-01
8.992280543229952405e-01
6.950668703213689348e-01
7.518334042447731846e-01
5.427340675287424254e-01
2.073607570962336499e+00
1.213738826106260715e+00
6.929411822305251434e-01
1.228150286744942310e+00
5.657155897231342934e-01
4.166008991569207232e-01
8.103737121626413131e-01
6.567533077180159884e-01
8.148346636639797191e-01
9.198975319396206496e-01
1.232146469531169908e+00
1.276064603091359162e+00
6.422936120496256507e-01
1.423688401897876155e+00
8.034652504044423882e-01
1.840193559771748921e-01
9.339595618618178330e-01
1.145815679283537225e+00
9.689500753374363784e-01
6.553853131713937019e-01
2.113734674769382593e+00
1.066222524935942939e+00
3.895924445372080935e-01
1.135768325560935432e+00
1.361060719234763683e+00
2.136756651635249027e-01
1.093496653976666177e+00
6.626089099161494023e-01
7.670440927645111318e-01
9.354309532089253310e-01
2.030922664929950106e+00
1.324116222411740651e+00
3.329354633795298946e-01
1.263447110822920605e+00
1.154265672342465798e+00
2.156158261322810576e-01
9.389148650374841143e-01
1.089353137291744877e+00
8.215047884742269213e-01
9.330078961308934105e-01
1.284091142741791591e+00
1.278933990549113497e+00
4.062158193072252788e-01
1.266539572118664081e+00
1.217616941566549427e+00
3.143259932553363889e-01
9.135424136426802955e-01
6.269082128801314324e-01
8.324025313420624350e-01
4.398785646313612685e-01
1.196139987717669717e+00
1.101893977227610844e+00
3.456290593185357141e-01
1.257752808646175113e+00
1.124307487855108034e+00
1.801975183321227469e-01
9.553810983787943689e-01
1.123396373327800513e+00
7.018986605165761228e-01
9.670452665173528972e-01
1.264677435189179189e+00
1.061043566052499054e+00
3.046805788759475719e-01
1.321254432437899418e+00
7.414009028618028241e-01
2.588477991593634009e-01
8.790717912938729173e-01
1.101837229043321154e+00
8.887865753334693864e-01
5.010734487359751466e-01
1.253467348948822613e+00
1.033768298167022648e+00
3.486893018534946709e-01
1.414544540794870020e+00
1.006320222282568677e+00
3.281574949970387789e-01
1.050195656453919435e+00
6.774484795671102955e-01
7.141481633689222841e-01
4.107606855102031163e-01
2.043022897341598920e+00
1.234631149447331211e+00
3.159117769539239728e-01
1.513736043182033697e+00
1.433911393793723121e+00
2.668988582323600922e-01
9.917272683285681678e-01
1.117811064539276256e+00
9.190696120457877427e-01
4.962140872834585048e-01
2.121889973915748850e+00
1.303555367310276658e+00
6.613480162327443068e-01
1.346506753671169676e+00
6.160799773625309506e-01
4.273305803861090491e-01
7.493690173171081437e-01
1.141814827161693024e+00
9.505066608088932334e-01
5.810032035894134861e-01
1.303924450833424897e+00
1.215014851488292580e+00
4.695515256926081626e-01
9.744234897833117248e-01
1.207695288749926599e+00
4.721784266772133254e-01
9.270165605187484781e-01
7.175498395726592760e-01
6.930347800399426772e-01
5.206724937792802654e-01
1.195344441332114149e+00
1.200884370034780213e+00
3.665540319098506417e-01
1.340405615841118614e+00
1.161496112715748374e+00
2.680882021779377178e-01
9.688594440725495360e-01
5.984803237179202595e-01
7.810158953077088739e-01
8.064903015929507646e-01
1.204853708127006984e+00
1.163567889369173880e+00
3.517526387663081899e-01
1.438895173966874275e+00
1.210771801819103155e+00
2.733008750766822148e-01
9.162606253217108199e-01
1.118435554249548769e+00
7.822924124145642644e-01
4.923090087079686206e-01
1.277512470763457086e+00
1.047398708121405786e+00
6.821292572657438047e-01
1.290067867822894287e+00
7.441549660353725670e-01
1.634006125900289430e-01
9.464088846266947019e-01
6.991772143477250623e-01
6.862290044271925904e-01
1.026794660259360947e+00
2.040478046501251086e+00
1.064612689185440830e+00
4.166067613834490424e-01
1.080677730113924540e+00
1.380454863940617560e+00
2.256401029436951866e-01
9.892787326180622065e-01
6.937156674463775818e-01
8.205664871520006454e-01
5.859455344411054201e-01
1.999555027333733914e+00
1.092131157709397282e+00
4.209821896289238086e-01
1.051357691373767222e+00
1.158933415017828317e+00
2.456069276500477128e-01
9.530084055478424965e-01
6.676132180982309317e-01
6.028239473256084002e-01
9.300035229847362084e-01
1.204480222364394448e+00
1.223190400365915753e+00
3.373865801001983411e-01
1.273016875794929614e+00
1.133253384584781198e+00
1.900865804900803979e-01
1.003936470459450447e+00
1.084973318819935972e+00
8.489477342819060635e-01
9.345302477795927043e-01
1.266156082155055485e+00
1.123703153406067523e+00
7.176467423600138007e-01
1.217293284625468042e+00
8.380911775671627817e-01
2.494287652950998579e-01
9.315868690308659605e-01
6.900325240539674221e-01
8.698753621464686558e-01
6.183435696387770131e-01
2.053537461944597631e+00
1.228369359249359638e+00
7.653089708521505496e-01
1.106046686379517974e+00
1.013688900296914053e+00
3.940774715650364191e-01
8.799213608983499357e-01
6.683172866568423132e-01
8.263824586467699573e-01
9.867425940216486557e-01
1.236121482328065513e+00
1.304325546188841223e+00
4.610022320567070953e-01
9.790263314350291513e-01
1.199838090556295533e+00
4.678063728496993923e-01
8.700553123433977243e-01
7.210791829925721208e-01
6.803811863126709714e-01
5.284744770518152723e-01
1.192985013032042740e+00
1.193344212325913034e+00
6.002061104641224221e-01
1.683299652592746831e+00
8.259515373240053915e-01
2.265128678168217835e-01
8.931948710592526597e-01
1.115956314462987153e+00
9.853035974737992531e-01
5.550627755961340393e-01
2.132924002452926349e+00
1.106711421437545306e+00
3.583575335698358511e-01
1.255659476270879260e+00
1.396208953561826283e+00
4.003670005149662647e-01
1.004855896356557476e+00
1.172708505091956566e+00
9.288866928621339891e-01
5.616193158873866720e-01
2.099919157309190432e+00
1.294894194910234164e+00
3.959932753152227147e-01
1.301763258765203490e+00
1.197134098324653673e+00
2.968445471447223594e-01
1.026166211095978831e+00
6.306951664378550593e-01
6.444846569165145755e-01
8.140770188644064209e-01
1.228388406648081022e+00
1.278759612285252700e+00
6.463917889648582715e-01
1.409515795274149941e+00
8.323347363557583867e-01
2.139206554468894295e-01
9.258992046152020317e-01
1.146666154335433285e+00
9.541607232570288311e-01
6.460609782501592901e-01
2.134029163656189887e+00
1.228993519787856092e+00
4.213404446593324582e-01
1.052892375157483684e+00
1.143717261705494481e+00
4.215685817723006656e-01
9.253723427732669649e-01
6.926512938303609479e-01
6.289945502783174103e-01
8.950862140134047129e-01
1.201698733441380007e+00
1.255018124467475849e+00
3.175829109459913369e-01
1.259406609710076230e+00
8.978712553486504211e-01
4.121607468776620764e-01
9.963129424663822453e-01
6.760830067094530937e-01
7.816669007344299036e-01
8.336685821555657183e-01
2.024166163210040281e+00
1.327683003415818908e+00
6.761947471351613670e-01
1.463291786987624299e+00
5.949703763002864854e-01
4.579494564936376078e-01
8.349761456301214579e-01
6.582583105655047673e-01
7.094462994895559538e-01
8.364860465570510550e-01
1.254576006848980185e+00
1.268974227657127640e+00
3.979383172670440394e-01
1.165111316648277162e+00
1.217155000850856261e+00
2.607086627067498608e-01
9.489649588776600808e-01
1.149145394121995123e+00
7.511495381977938424e-01
5.833072113619940380e-01
1.278617631966720847e+00
1.169680806471716350e+00
6.675940128864154000e-01
1.477021170352662338e+00
6.191324263422937069e-01
2.918768645293423614e-01
9.111675804853532901e-01
5.947971803255100998e-01
8.303247703021768844e-01
8.388883367906223576e-01
1.258836142737870700e+00
1.299806090909136014e+00
2.735680851144740022e-01
1.390517634508636746e+00
6.931372722046330592e-01
2.169820619094785796e-01
9.913500698990928006e-01
1.069879996461196914e+00
8.500535330263874201e-01
8.598832024250294692e-01
1.264540497658231288e+00
1.102982368017452641e+00
6.783432099930477577e-01
1.292694012131639036e+00
7.667541954040276719e-01
3.791526283399541120e-01
9.592678366861596695e-01
6.866427106238862654e-01
8.446593290648241048e-01
9.500379976290349582e-01
2.059469693430920678e+00
1.321870995492482770e+00
7.501493226781994483e-01
1.203001560721557173e+00
1.078180742712602447e+00
2.233284903415279632e-01
8.549586049220866402e-01
1.163234441456341139e+00
8.014883728009163377e-01
7.074786101079982847e-01
1.311561733887529835e+00
1.156328640839513255e+00
7.210683343032360249e-01
1.243178601581188758e+00
1.027326603791363313e+00
3.705337994969963855e-01
7.700157751240817028e-01
1.156057674468536023e+00
9.641902141448194241e-01
6.649745838652111329e-01
1.285245546443441578e+00
1.072964642024994308e+00
3.795597574913929795e-01
1.323164851349391657e+00
1.183006643548361492e+00
4.783232095974190301e-01
9.901242722267088459e-01
6.208395310820332691e-01
8.050507399072820425e-01
7.544466744278497394e-01
1.224726136390871467e+00
1.365706766031514308e+00
2.694752234242142053e-01
1.382482553320344199e+00
6.989334066499838238e-01
4.184729616739321645e-01
8.986924017025508249e-01
1.099297890665135835e+00
8.487811901714171769e-01
8.234435418049986799e-01
1.279694069321952954e+00
1.290040929262058933e+00
3.445911249382620500e-01
1.428717147418596234e+00
9.774507363312526786e-01
2.982561955273242416e-01
1.058256013700535236e+00
6.765980045152144573e-01
7.289375154493298314e-01
4.200850204314374725e-01
2.022728408454791182e+00
1.071860154595418058e+00
3.916178470697479486e-01
1.331083297505360807e+00
1.418655547247442916e+00
2.768777224383698332e-01
1.062436538166198430e+00
6.567976157860017095e-01
8.622271967429068207e-01
4.700190303207755216e-01
2.023463211617420487e+00
1.147700369628734229e+00
7.347967702446608351e-01
1.198961059608712798e+00
8.217863257187867365e-01
4.198734110869090652e-01
9.123566823509848822e-01
7.499643108740492448e-01
7.616504850611193200e-01
6.081392961326705926e-01
2.051636754355778525e+00
1.205077653706218221e+00
3.132298725118486393e-01
1.316651590786182213e+00
7.492581010554340004e-01
2.632198529868772785e-01
9.360330394692236711e-01
1.098307885623408309e+00
9.014401690607409812e-01
4.932714654634399731e-01
1.255826777248894022e+00
1.041308455875889827e+00
2.925939966322902430e-01
1.509812177101512720e+00
9.360719386554756660e-01
4.633983663723368340e-01
1.069470748014518691e+00
6.391649550490773324e-01
8.233276103253360789e-01
7.177420780352358198e-01
2.048074347493726410e+00
1.383252215335155633e+00
3.657129882791005926e-01
1.164255608435756928e+00
7.266745008313114651e-01
2.768744628969597721e-01
9.973832531628353815e-01
6.489905523195790282e-01
6.165833397973613517e-01
8.475544943576379664e-01
1.205224066167641661e+00
1.210009772686168050e+00
7.897077165640754570e-01
1.084528458763006631e+00
1.269261393217637757e+00
2.126442217177440530e-01
8.956178975105674178e-01
7.435489009205711319e-01
7.217204896366572475e-01
7.255056337311003301e-01
2.053674399475545531e+00
1.186430557284405829e+00
6.862274341809764255e-01
1.275895261199168074e+00
7.730244519866885655e-01
1.933019120597434803e-01
9.383485273800789006e-01
7.000276893996209004e-01
6.714396523467850431e-01
1.017470325338126758e+00
2.060772535388058824e+00
1.227383684037353984e+00
6.781397890869826917e-01
1.326639844870697971e+00
6.149912788264889629e-01
4.218135720556652757e-01
7.577748934118025970e-01
1.176708538249644720e+00
8.161111807708351096e-01
6.057162390546386721e-01
1.304805232167620010e+00
1.159895421843591290e+00
3.068743794927086821e-01
1.365931249024124439e+00
9.413508100066542150e-01
2.158825200119530718e-01
1.036371791912085616e+00
1.166620343037143126e+00
7.842157606962554262e-01
5.559269498906145301e-01
2.081671354182768496e+00
1.024455260923444744e+00
7.411522632638009034e-01
1.149681401370770573e+00
6.296936167675665219e-01
4.672107440618332719e-01
8.120179299081228264e-01
6.816518534603143165e-01
8.788748934256048750e-01
5.454838117054962021e-01
1.225792177421904050e+00
1.221930848658663304e+00
6.653374844115054199e-01
1.309934776623365993e+00
7.452436645714145547e-01
1.689176209204727164e-01
9.380030085320002486e-01
6.642835032597732559e-01
8.206244844652509363e-01
1.002081624794135761e+00
2.039597265167055973e+00
1.119732118830142342e+00
3.101464525365601466e-01
1.334128361645050997e+00
1.332230926517394165e+00
3.497571556100536050e-01
1.003211678611076074e+00
1.147809959349658016e+00
8.648464631005088332e-01
9.360330361215112305e-01
2.106273449418456511e+00
1.349027949342930022e+00
3.968254820405741623e-01
1.094992406365019599e+00
7.749381314884812300e-01
3.187402001468445656e-01
8.851049745576154981e-01
6.809477849017029349e-01
6.553163821044432069e-01
4.887447406685836437e-01
1.194150917458232986e+00
1.140795702835738057e+00
4.333985342376874272e-01
1.060810821313452834e+00
1.379366165404575684e+00
2.201230946132514132e-01
9.976846087127565488e-01
7.286093785343293883e-01
6.861710071139422995e-01
6.106585699063306061e-01
2.000435808667929027e+00
1.037011728064695992e+00
7.608525389065092792e-01
1.118684609219527726e+00
1.000035567657932001e+00
1.882145179730689011e-01
9.156177809195411577e-01
6.424287358728164588e-01
8.150012077744684946e-01
1.030984237914214452e+00
1.218608482364272438e+00
1.109726827235367974e+00
3.435101595479708170e-01
1.454159241115628776e+00
1.219717698548776319e+00
2.831899372346398658e-01
9.648159974023671204e-01
1.080012499741684229e+00
9.293414861798943161e-01
4.597939899702084277e-01
1.278991117729333382e+00
1.110058295474974255e+00
4.356550627125973518e-01
1.227897215042748957e+00
1.253254927175454725e+00
3.430823382221210305e-01
9.708491806661097012e-01
6.591230556000662322e-01
6.958712929508681366e-01
4.474652819028169248e-01
1.219674686238743755e+00
1.217085700143689664e+00
3.236254866935973640e-01
1.423866859130627827e+00
7.491607877508743574e-01
3.193679747366066080e-01
9.566185623602703192e-01
6.191311874990287345e-01
6.329368619337242263e-01
7.472319567823783037e-01
1.224413393851185416e+00
1.250498669187770640e+00
7.564014221858408327e-01
1.109114844247518938e+00
1.021047855415616823e+00
2.137437636152695608e-01
8.505961754975746025e-01
6.468085543446250307e-01
7.875582619667892414e-01
1.029461886265515380e+00
1.236543542951008545e+00
1.264957664378413948e+00
3.699382942823717935e-01
1.179846263810876206e+00
9.240338997120933762e-01
4.229802301549024923e-01
9.574621453778233704e-01
7.385541319077202349e-01
7.134474088111326662e-01
5.010942155804358755e-01
1.996038735248090390e+00
1.048118666777641206e+00
7.419582840727070305e-01
1.209139086156990839e+00
1.055107391206637324e+00
3.949180906362671495e-01
7.703612939721603547e-01
1.191801860608383778e+00
8.150053820263537530e-01
6.803632844092017962e-01
1.306420816664444207e+00
1.180616207232206172e+00
6.401451491917392600e-01
1.594286176753861195e+00
6.316814313007012016e-01
2.628161841308584434e-01
8.096678708057795104e-01
1.117431279225155727e+00
8.337370457621682274e-01
5.418333620994097988e-01
1.308840988187441878e+00
1.013325757100587587e+00
7.016609903146815430e-01
1.296617878212160013e+00
1.264593650542275460e+00
1.826531201999773979e-01
8.815243570002090356e-01
1.165288820114085189e+00
9.404013307852758796e-01
7.285100068772575321e-01
2.133285319852942674e+00
1.242174147467603795e+00
3.885830028222367893e-01
1.110256473513774100e+00
7.838840282181543939e-01
3.286292623048022166e-01
9.336603466382717986e-01
6.425247303938383947e-01
8.023654558697732586e-01
4.562297219308233953e-01
1.195629564424109281e+00
1.203455290189306526e+00
3.288372864642972737e-01
1.277619717446646819e+00
1.125396186391149911e+00
1.857145266625665203e-01
9.469752222840999156e-01
1.088502662239848817e+00
8.362941405546344686e-01
9.423322310521278222e-01
1.263796653854984076e+00
1.116162995697200344e+00
3.981931787859540606e-01
1.122038942195897615e+00
1.336898669192756683e+00
3.797482571278202323e-01
1.017305219121434456e+00
7.260700401561440698e-01
6.461656219518902011e-01
9.330286629753540284e-01
2.026662529041059368e+00
1.293284359159732277e+00
6.526892262313742643e-01
1.530903670242321768e+00
8.033679370998827451e-01
2.401674777269042771e-01
9.545450847528644811e-01
6.666389811591577619e-01
7.004467682104196236e-01
9.093458044903318660e-01
2.082321291371673766e+00
1.275412738247823752e+00
3.448230385096295314e-01
1.198295123859954847e+00
6.988937134160374542e-01
2.524901717576890081e-01
9.970377343147568405e-01
6.132463661797313836e-01
7.657681719158272449e-01
8.321657938136473032e-01
1.184048795946639032e+00
1.102358207478956409e+00
7.587850797487892818e-01
1.305964499975660553e+00
1.063426530115961999e+00
4.529074750123674442e-01
7.918999969125313232e-01
6.660353359466073542e-01
9.089119688978939404e-01
5.291326544060340753e-01
1.226302600715464486e+00
1.120369535696967622e+00
7.090974487241127333e-01
1.221896126277185246e+00
8.302339793735316054e-01
2.450567114675859803e-01
8.746256208555152067e-01
6.935618674738802669e-01
8.572217684191969500e-01
6.261455529113121310e-01
2.051178033644526444e+00
1.220829201540492459e+00
3.539011016241945806e-01
1.268297399110889012e+00
1.382555620922844453e+00
1.945040469229986635e-01
1.040552316377748809e+00
1.146819954307930489e+00
9.175054419898324154e-01
6.058609597799525792e-01
2.082406157345397801e+00
1.100295475956760916e+00
4.127397104105864911e-01
1.066621758522521501e+00
1.167879311747501481e+00
2.554959898080053637e-01
1.001563777628498686e+00
6.291901635903662804e-01
7.498730210909383409e-01
8.974885042469760155e-01
1.205958869330270744e+00
1.285849987719484444e+00
2.715006259567540603e-01
1.577797525264769352e+00
7.565282346626628351e-01
4.816750189487771228e-01
8.676322858920830772e-01
1.093486596534988031e+00
9.439642941498129769e-01
3.580316189168487595e-01
1.272234616009423336e+00
1.113625076479052511e+00
3.464955012367335607e-01
1.369867724208644999e+00
8.063703151377172862e-01
3.711227741444491079e-01
8.928956558357066253e-01
6.126653655732881010e-01
8.187189780061361333e-01
3.559071843555636772e-01
1.214818892107653037e+00
1.243944186690909115e+00
2.752405478415780316e-01
1.562090234857326676e+00
8.006138739263128912e-01
3.356146642962387072e-01
8.872079914200426964e-01
1.069298995854754075e+00
9.030043391166963085e-01
3.836245929669459542e-01
1.295310593819245293e+00
1.244568347229405347e+00
5.836915889401261825e-01
1.688019129276787433e+00
5.766493009859421370e-01
2.220954013839035179e-01
8.565790251409542977e-01
1.054109678974992637e+00
9.167458897658729011e-01
8.837320635957741644e-01
1.316673927262584032e+00
1.130119098886852136e+00
6.067300015674835789e-01
1.483381838996604474e+00
7.762139075049574455e-01
1.676828643694907583e-01
9.812162350450711612e-01
1.118238265173221890e+00
9.027740872226752700e-01
1.012672715211748731e+00
2.142742884065527154e+00
1.290667431929418907e+00
6.233533763375008752e-01
1.614153085554332900e+00
6.327701298367431892e-01
2.683331924613022168e-01
8.012619947110850571e-01
1.082537568137204032e+00
9.681325258002263512e-01
5.171203266341847238e-01
1.307960206853246765e+00
1.068445186745289099e+00
2.983250858568076147e-01
1.370534090675841643e+00
9.334936118130230387e-01
2.115104661844391942e-01
9.794105437367349731e-01
1.170149686457055971e+00
7.715621669689838313e-01
5.637289331631496481e-01
2.079311925882697309e+00
1.016915103214577565e+00
7.735514500704878671e-01
1.090782619230763695e+00
1.004743003567240889e+00
3.841884094070788236e-01
8.313659888176935242e-01
7.067403411647068534e-01
6.793333848814400167e-01
1.019257612759409071e+00
1.234642835362189217e+00
1.241665958835272754e+00
7.579440361180392882e-01
1.129814492570298867e+00
6.286049182315245343e-01
4.616937357313894985e-01
8.204238060028172796e-01
7.165455645482661229e-01
7.444794133875465292e-01
5.701968471707212771e-01
1.226672958756098941e+00
1.166811419013962015e+00
7.900659715944841066e-01
1.086063142546723093e+00
1.254045239905303921e+00
3.886058758399971169e-01
8.679818347359918862e-01
7.685869766527011482e-01
7.478910925893663686e-01
6.905883247597688346e-01
2.050892910552531312e+00
1.218258281385966146e+00
7.366958313181596329e-01
1.162319324210780325e+00
6.160402841285845810e-01
2.613477904698657261e-01
8.477143499293141593e-01
6.557633026762884620e-01
8.674936425533034123e-01
5.897254555980621094e-01
1.208279177458110976e+00
1.027332129705190056e+00
6.738867780474064872e-01
1.305331934971648788e+00
7.531008627650457310e-01
1.732896747479865940e-01
9.949642567073510024e-01
6.607541598398604110e-01
8.332780781925226421e-01
9.942796415216007544e-01
2.041956693467127604e+00
1.127272276539009521e+00
4.016348537916512584e-01
1.106096855120745071e+00
7.387096904184623503e-01
4.691726086268968587e-01
9.224905172050065216e-01
7.016060421620243792e-01
7.089299308648314701e-01
4.553497833459513311e-01
1.173434367948482437e+00
1.017392589794252178e+00
6.755592407745105721e-01
1.476904535320338940e+00
8.605774644867256740e-01
2.919222771347467216e-01
8.908221782283007872e-01
6.601731592334171284e-01
8.862288842828315305e-01
5.180210320635173504e-01
2.072726789628141386e+00
1.268858255750962227e+00
2.124314945708250246e-01
1.705102845618195140e+00
9.376744525627741522e-01
2.475565485743596028e-01
1.034457898198079429e+00
1.074289853018325802e+00
8.687887747559155383e-01
7.881787788904847103e-01
2.128988109828261699e+00
1.344508494063224813e+00
7.878660681237529273e-01
1.265787459116028968e+00
1.114280669037200910e+00
3.057021658568990774e-01
8.768428267105362606e-01
6.732121029344122487e-01
7.462101275539907430e-01
5.716366806488212271e-01
1.252618788159552743e+00
1.203733534511486569e+00
6.679522679168240495e-01
1.478555854136378800e+00
6.039162730299596493e-01
4.678385186515953142e-01
8.835315177107777584e-01
6.198352560576401160e-01
8.564953732548857834e-01
8.039710278192908621e-01
1.256054653814856259e+00
1.331633815010696109e+00
2.904408616688788913e-01
1.387332841608312606e+00
9.272233552303621451e-01
3.973611824646498536e-01
1.000329853042815520e+00
1.156764707681321447e+00
9.447818436870228931e-01
4.962966054540577931e-01
2.078009083925559164e+00
1.111402414669706129e+00
2.818105643328113752e-01
1.375253567359882245e+00
6.841913754749598953e-01
2.070929997515209287e-01
9.427946978184366111e-01
1.108303050969061454e+00
7.030044592610574794e-01
8.923982211627896621e-01
1.263061850692354993e+00
1.040322780663884172e+00
5.963390594912598708e-01
1.669243681001344015e+00
6.133759851308893118e-01
2.563687546811319606e-01
9.054799160696893612e-01
1.051430810606975852e+00
9.146101314127369486e-01
8.666057454020046347e-01
1.339327844449462956e+00
1.300430251447632468e+00
4.043167582337265364e-01
1.303181307516596554e+00
1.423362983156751804e+00
4.728516138723796169e-01
9.781847460643510184e-01
7.211092210778922151e-01
7.265593738498783427e-01
4.582924051659698628e-01
2.039497564615337044e+00
1.279639501228639009e+00
