7.322447145974911864e-01
1.152749559238771093e+00
6.370525718862694031e-01
2.868770361120663859e-01
7.826927445073477152e-01
6.601431211480970340e-01
8.400506967456242702e-01
5.882031039493628155e-01
1.226214238044847082e+00
1.182562966848236252e+00
3.464955012367335607e-01
1.369867724208644777e+00
8.063703151377173972e-01
3.711227741444490524e-01
8.928956558357067363e-01
6.126653655732881010e-01
8.187189780061362443e-01
3.559071843555637882e-01
1.214818892107653037e+00
1.243944186690909115e+00
4.438522041720600608e-01
9.973585564517843949e-01
1.216142942404671468e+00
2.973617270578901572e-01
8.892854990232789136e-01
6.611473961724901871e-01
7.886060633980203072e-01
5.386787505579216928e-01
1.194885720620862068e+00
1.216635917869054451e+00
3.803919642167443715e-01
1.116393998949207544e+00
7.608106767121891600e-01
5.002188625995411808e-01
8.490630356883456242e-01
6.710921495458811448e-01
8.158824650952107849e-01
4.291143962320269623e-01
1.190488647201023653e+00
1.227742856581999664e+00
3.885830028222369004e-01
1.110256473513773878e+00
7.838840282181543939e-01
3.286292623048021055e-01
9.336603466382719096e-01
6.425247303938382837e-01
8.023654558697733696e-01
4.562297219308233953e-01
1.195629564424109281e+00
1.203455290189306526e+00
3.087787557911801928e-01
1.307081825814172982e+00
7.702703888131188226e-01
2.887490986290778827e-01
8.710114340472572270e-01
1.102687704095216992e+00
8.739972232530619500e-01
4.917491138147407348e-01
1.273761837835630129e+00
1.196539293018936023e+00
3.968254820405741623e-01
1.094992406365019377e+00
7.749381314884812300e-01
3.187402001468444546e-01
8.851049745576156091e-01
6.809477849017029349e-01
6.553163821044434290e-01
4.887447406685836437e-01
1.194150917458232986e+00
1.140795702835738057e+00
3.403719217889610849e-01
1.188725358887945616e+00
7.199060011737222764e-01
2.780194173998895568e-01
9.320161288927903964e-01
6.176261846515399556e-01
7.383252261081482137e-01
8.306434421649480093e-01
1.201983856533375139e+00
1.257589044622002383e+00
3.568864433129573799e-01
1.184005882203905013e+00
9.692082375117854198e-01
2.824368838328077946e-01
9.686319748110887584e-01
6.794728201395342504e-01
8.068829338160744546e-01
5.019741541653077732e-01
2.018233931723717234e+00
1.234181367172695776e+00
3.759355322711031011e-01
1.129031921789217296e+00
7.471573440732072191e-01
2.943559090075736906e-01
8.847594557095369572e-01
6.452035987618552904e-01
8.045012142229092111e-01
4.733560401245928140e-01
1.172975647237230357e+00
1.033144137628526416e+00
6.987065066478890252e-01
1.407757968281924787e+00
6.673960569994635827e-01
3.337426017792270994e-01
7.988893018801332957e-01
6.267544129076340065e-01
8.690578126092589617e-01
4.800785831015680349e-01
1.247762994028462247e+00
1.230592021058706020e+00
7.960632095832155253e-01
1.035248800525064405e+00
1.077168684266417875e+00
2.599815546926682042e-01
7.952791450677054730e-01
6.752364435068362036e-01
8.389448980011429136e-01
6.628501493039259396e-01
1.227829822541671279e+00
1.203283752236851134e+00
7.407940082333923648e-01
1.148146717587053889e+00
6.449097700799005795e-01
2.912490899395802635e-01
8.396539926826984690e-01
6.566137777281843002e-01
8.527042904728959760e-01
5.804011206768276976e-01
1.228573666344918269e+00
1.190103124557103431e+00
6.609897612023356572e-01
1.344972069887452992e+00
6.312961306748651191e-01
2.513689262638559851e-01
7.770050800916837863e-01
1.116776751429563008e+00
9.243360578561845564e-01
6.159205125607450926e-01
1.306705939756439339e+00
1.183187127386732707e+00
7.090974487241127333e-01
1.221896126277185024e+00
8.302339793735316054e-01
2.450567114675859248e-01
8.746256208555153178e-01
6.935618674738801559e-01
8.572217684191970610e-01
6.261455529113121310e-01
2.051178033644526444e+00
1.220829201540492681e+00
4.103139962224578996e-01
1.252366965494937867e+00
1.246486427517865536e+00
3.442272927250508707e-01
9.054820563960646052e-01
6.277586879320271596e-01
8.176131792616549987e-01
4.305542297101269122e-01
1.216434476604477233e+00
1.264664972079523997e+00
3.468537562671422103e-01
1.371402407992361239e+00
7.911541618253833397e-01
5.470844282667020053e-01
8.652595930611313157e-01
6.377034413054181172e-01
8.448895809588453654e-01
3.209898753842322372e-01
1.212037403184638595e+00
1.275771910792469210e+00
3.550447948726347391e-01
1.365264882556927573e+00
8.142275133313485735e-01
3.754948279719629300e-01
9.498569040110576012e-01
6.091360221533752561e-01
8.313725717334079501e-01
3.481052010830286703e-01
1.217178320407724446e+00
1.251484344399776294e+00
2.752405478415780316e-01
1.562090234857326676e+00
8.006138739263130022e-01
3.356146642962386517e-01
8.872079914200428075e-01
1.069298995854754075e+00
9.030043391166966416e-01
3.836245929669460097e-01
1.295310593819245293e+00
1.244568347229405569e+00
3.068337138393589236e-01
1.443733767931099310e+00
7.502494862869164560e-01
3.248849830670503813e-01
9.482126862655759769e-01
5.842374764110769281e-01
7.673323419717827942e-01
7.225189213171533398e-01
1.223532612516990303e+00
1.305618098832472151e+00
3.233482353633552187e-01
1.439014291247058708e+00
9.995517226249795995e-01
3.293024494999686191e-01
9.848285321838744499e-01
6.460841118990712229e-01
8.358900496797090351e-01
3.938496333175131592e-01
2.039782687707332176e+00
1.282210421383165544e+00
3.725972507769045317e-01
1.189581067100466072e+00
1.210386501193267073e+00
2.618536172096797565e-01
8.835978346076149847e-01
1.117781026453956272e+00
8.728914245085805934e-01
5.663961591693039699e-01
1.275377422332454325e+00
1.217260078407550905e+00
4.207049382986817188e-01
1.066505123490198326e+00
1.409324349891933670e+00
2.555414024134097239e-01
9.812183753714466272e-01
6.945661424982733090e-01
8.057771350715930980e-01
5.766211995198710083e-01
2.019849516220541652e+00
1.254902152561310658e+00
3.889412578526455500e-01
1.111791157297490340e+00
7.686678749058203364e-01
5.045909164270551139e-01
9.060242838636963780e-01
6.675628061259682999e-01
8.285360588224824907e-01
4.213124129594918443e-01
1.192848075501094840e+00
1.235283014290866843e+00
3.091370108215888424e-01
1.308616509597889443e+00
7.550542355007847650e-01
4.647107527513308356e-01
8.433753712726816953e-01
1.127725779827347008e+00
9.001678262057710711e-01
4.568318048434092393e-01
1.270980348912615687e+00
1.228367017120496119e+00
3.762937873015117507e-01
1.130566605572933758e+00
7.319411907608731616e-01
4.703175631298265880e-01
8.571233929349614256e-01
6.702416744939853066e-01
8.306718171756183322e-01
4.384387311532613185e-01
1.170194158314216137e+00
1.064971861730086511e+00
3.173280494270813712e-01
1.302478984162455777e+00
7.781275870067499989e-01
2.931211524565917603e-01
9.279726822226079808e-01
1.099158360675304369e+00
8.866508169803335448e-01
4.839471305422057279e-01
1.276121266135701537e+00
1.204079450727802980e+00
3.654357369488585583e-01
1.179403040552187809e+00
9.770654357054165962e-01
2.868089376603216722e-01
1.025593222986439734e+00
6.759434767196214056e-01
8.195365275433461605e-01
4.941721708927727663e-01
2.020593360023788421e+00
1.241721524881562955e+00
2.856314899178018507e-01
1.376228392852586913e+00
9.634517963003810248e-01
2.469287739845974217e-01
9.629443103954248295e-01
1.136106450421000114e+00
8.911682949266347409e-01
5.296915627766900503e-01
2.098725633435309490e+00
1.234805527711192230e+00
3.046805788759475719e-01
1.321254432437899196e+00
7.414009028618028241e-01
2.588477991593632899e-01
8.790717912938730283e-01
1.101837229043320932e+00
8.887865753334694974e-01
5.010734487359751466e-01
1.253467348948822613e+00
1.033768298167022870e+00
3.571636946431995252e-01
1.168858450087473910e+00
7.188173026376802888e-01
2.725024090694457835e-01
9.404220049874848497e-01
6.525198957394917620e-01
6.039297460700899789e-01
8.553564776301730843e-01
1.202864637867570252e+00
1.202469614977301093e+00
3.527882663977247590e-01
1.198178488827631227e+00
9.403387515604694213e-01
2.525355843630932573e-01
9.766923320577045597e-01
6.786223450876384122e-01
8.216722858964820020e-01
5.112984890865421850e-01
1.997939442836909718e+00
1.071410372320782622e+00
6.274515532527334960e-01
1.599980478930606687e+00
6.616396157880591877e-01
2.982344919310167541e-01
7.932016374644693668e-01
1.083388043189099870e+00
9.533431737198192479e-01
5.077959917129503120e-01
1.328254695740054281e+00
1.231216181597202475e+00
7.154982795021274100e-01
1.387891059481453082e+00
6.663073584634215951e-01
3.282255934487833260e-01
8.072951779748277490e-01
6.616481239955858129e-01
7.346623325712007269e-01
5.047916185667931099e-01
1.248643775362657138e+00
1.175472591414004508e+00
6.755592407745105721e-01
1.476904535320338718e+00
8.605774644867257850e-01
2.919222771347466661e-01
8.908221782283008983e-01
6.601731592334171284e-01
8.862288842828317526e-01
5.180210320635173504e-01
2.072726789628141386e+00
1.268858255750962227e+00
7.564014221858408327e-01
1.109114844247518938e+00
1.021047855415616823e+00
2.137437636152694498e-01
8.505961754975747136e-01
6.468085543446250307e-01
7.875582619667894635e-01
1.029461886265515380e+00
1.236543542951008545e+00
1.264957664378414171e+00
7.729159437098370722e-01
1.104395367563478336e+00
1.270350091753679855e+00
2.181612300481877431e-01
8.872120214158730755e-01
7.086551898326193255e-01
8.561159696747157044e-01
7.007925982658752551e-01
2.052793618141350418e+00
1.241549986929107563e+00
7.411522632638010144e-01
1.149681401370770351e+00
6.296936167675666329e-01
4.672107440618332164e-01
8.120179299081229374e-01
6.816518534603143165e-01
8.788748934256052081e-01
5.454838117054962021e-01
1.225792177421904050e+00
1.221930848658663527e+00
6.613480162327443068e-01
1.346506753671169454e+00
6.160799773625310616e-01
4.273305803861089935e-01
7.493690173171082547e-01
1.141814827161693024e+00
9.505066608088936775e-01
5.810032035894134861e-01
1.303924450833424897e+00
1.215014851488292802e+00
6.929411822305251434e-01
1.228150286744942088e+00
5.657155897231344044e-01
4.166008991569207232e-01
8.103737121626414242e-01
6.567533077180158774e-01
8.148346636639799412e-01
9.198975319396207606e-01
1.232146469531169908e+00
1.276064603091359384e+00
7.094557037545213829e-01
1.223430810060901486e+00
8.150178260611976588e-01
4.210183655898389610e-01
8.469895580809397861e-01
7.185999432060101721e-01
8.833923713719061821e-01
5.912282439399806355e-01
2.048396544721511781e+00
1.252656925642052776e+00
6.695390548382368356e-01
1.340369228235735788e+00
6.391533288684962955e-01
2.557409800913698628e-01
8.339663282670345401e-01
1.113247408009650163e+00
9.369896515834561512e-01
6.081185292882099747e-01
1.309065368056510525e+00
1.190727285095599886e+00
7.011322208360176722e-01
1.222012761309508422e+00
5.887889412290996383e-01
2.450112988621815091e-01
8.949710231125677096e-01
6.281858885659731273e-01
8.013176544385425260e-01
9.470128576384171382e-01
1.237287386754255536e+00
1.251777036698666468e+00
7.176467423600139117e-01
1.217293284625467820e+00
8.380911775671627817e-01
2.494287652950998024e-01
9.315868690308660716e-01
6.900325240539674221e-01
8.698753621464687669e-01
6.183435696387770131e-01
2.053537461944597631e+00
1.228369359249359638e+00
7.366958313181597440e-01
1.162319324210780103e+00
6.160402841285845810e-01
2.613477904698656706e-01
8.477143499293142703e-01
6.557633026762884620e-01
8.674936425533035234e-01
5.897254555980621094e-01
1.208279177458110754e+00
1.027332129705190278e+00
6.777815340565740421e-01
1.325105161086981287e+00
6.302074321388231315e-01
2.458519179334121840e-01
7.854109561863782396e-01
1.151670462517514704e+00
7.899405778181263216e-01
6.406335480259701676e-01
1.307586721090634230e+00
1.128067697742031195e+00
7.093747000543548786e-01
1.206748694160753921e+00
5.798430444994264743e-01
2.351222367042238581e-01
8.464156510319114091e-01
6.666089430738376675e-01
6.542685806732125853e-01
9.795278763761773311e-01
1.235808739788379462e+00
1.189117449345097777e+00
6.694356613267380407e-01
1.295762169999639557e+00
7.741131505227306642e-01
1.988189203901871982e-01
9.299426512853845583e-01
6.651339783116689830e-01
8.058351323848436110e-01
9.927572898729014605e-01
2.059891754053863711e+00
1.282503113682055496e+00
6.884847502848838730e-01
1.240788209584951840e+00
5.520622570841524634e-01
2.107379455649530942e-01
8.460701321838327571e-01
6.308647569339900230e-01
8.034534127916783675e-01
9.641391758321866678e-01
1.214633469567376833e+00
1.081465884137886135e+00
7.049992718088801125e-01
1.236068732900911238e+00
8.013644934222156069e-01
2.151554119978713875e-01
8.826859781021311191e-01
6.927113924219843177e-01
8.720111204996046084e-01
6.354698878325465428e-01
2.030883544757718706e+00
1.058058206688579528e+00
4.106722512528665492e-01
1.253901649278654329e+00
1.231270274205531479e+00
5.201889468473037681e-01
8.778459936214890735e-01
6.527967636641571758e-01
8.437837822143641198e-01
3.956369207387954168e-01
1.213652987681462792e+00
1.296492696181084092e+00
4.188632898583590780e-01
1.247764123843220663e+00
1.254343625711496601e+00
3.485993465525647483e-01
9.624433045714153590e-01
6.242293445121144257e-01
8.302667729889265935e-01
4.227522464375918498e-01
1.218793904904548642e+00
1.272205129788391176e+00
3.390590428273023704e-01
1.444589476143619766e+00
1.240729986306461141e+00
3.087191828768405255e-01
8.997943919804006763e-01
1.084392318213493134e+00
9.018985403722152849e-01
4.582716383215091893e-01
1.296926178316069489e+00
1.265289132618020451e+00
4.062158193072252788e-01
1.266539572118664081e+00
1.217616941566549649e+00
3.143259932553363334e-01
9.135424136426804065e-01
6.269082128801313214e-01
8.324025313420625460e-01
4.398785646313612685e-01
1.196139987717669717e+00
1.101893977227610844e+00
3.071919688697675732e-01
1.445268451714815772e+00
7.350333329745823985e-01
5.008466371893033342e-01
9.205766234910005563e-01
6.092755521432069443e-01
7.935029449244919153e-01
6.876016123458217333e-01
1.220751123593975862e+00
1.337445822934032247e+00
3.153830074752601020e-01
1.439130926279382106e+00
7.581066844805476324e-01
3.292570368945642589e-01
1.005173934440926953e+00
5.807081329911640832e-01
7.799859356990545001e-01
7.147169380446182219e-01
1.225892040817061712e+00
1.313158256541339330e+00
3.318975289992563971e-01
1.434411449595341503e+00
1.007408920818610776e+00
3.336745033274824968e-01
1.041789780359225315e+00
6.425547684791583780e-01
8.485436434069807410e-01
3.860476500449780413e-01
2.042142116007403807e+00
1.289750579092032723e+00
3.509466179574021183e-01
1.379437489180653786e+00
7.853580273800325751e-01
3.455935285022483372e-01
9.579172612576734025e-01
6.082855471014794180e-01
8.461619238138154975e-01
3.574295360042630265e-01
1.196883831520916930e+00
1.088713349547863141e+00
2.520932819681996895e-01
1.631236801895740607e+00
9.937952814135752044e-01
2.937943396517582184e-01
9.791408677682104100e-01
1.102717742180537197e+00
9.201754107902694324e-01
4.215670419288953807e-01
2.120274389418924432e+00
1.282834581921661998e+00
2.711423709263454107e-01
1.576262841481052890e+00
7.717443879749970037e-01
3.057133648265241144e-01
8.952683486666586088e-01
1.068448520802858015e+00
9.177936911971041889e-01
3.929489278881803660e-01
1.275016104932437777e+00
1.081797352377492416e+00
3.236254866935973640e-01
1.423866859130627605e+00
7.491607877508744684e-01
3.193679747366066080e-01
9.566185623602704302e-01
6.191311874990287345e-01
6.329368619337245594e-01
7.472319567823784148e-01
1.224413393851185416e+00
1.250498669187770640e+00
3.401400082175936590e-01
1.419147382446587002e+00
9.984630240889376118e-01
3.237854411695248458e-01
9.932344082785687922e-01
6.809778229870230293e-01
7.014945696416508003e-01
4.185626687827382897e-01
2.040663469041527289e+00
1.227090991738464032e+00
3.192500584481225978e-01
1.453186897870784922e+00
9.706822366736636010e-01
2.994011500302540818e-01
9.928888894304902513e-01
6.452336368471753847e-01
8.506794017601165825e-01
4.031739682387475154e-01
2.019488198820524882e+00
1.119439426531252391e+00
3.729555058073131812e-01
1.191115750884182534e+00
1.195170347880933015e+00
4.378152713319327094e-01
8.559617718330394531e-01
1.142819102186086289e+00
8.990620274612897145e-01
5.314788501979724744e-01
1.272595933409439883e+00
1.249087802509111000e+00
4.610022320567070953e-01
9.790263314350291513e-01
1.199838090556295533e+00
4.678063728496993368e-01
8.700553123433978353e-01
7.210791829925720098e-01
6.803811863126711934e-01
5.284744770518153834e-01
1.192985013032042740e+00
1.193344212325913034e+00
4.045486718050940733e-01
1.072759283957955390e+00
1.144805960241536358e+00
4.270855901027444390e-01
9.169664666785726226e-01
6.577575827424090305e-01
7.633900303163759782e-01
8.703731785481796379e-01
1.200817952107185116e+00
1.310137554112177583e+00
4.127397104105866021e-01
1.066621758522521501e+00
1.167879311747501481e+00
2.554959898080053082e-01
1.001563777628499130e+00
6.291901635903662804e-01
7.498730210909385629e-01
8.974885042469761265e-01
1.205958869330270744e+00
1.285849987719484444e+00
3.329354633795298946e-01
1.263447110822920605e+00
1.154265672342466020e+00
2.156158261322810021e-01
9.389148650374842253e-01
1.089353137291744877e+00
8.215047884742271433e-01
9.330078961308934105e-01
1.284091142741791591e+00
1.278933990549113719e+00
4.209821896289238086e-01
1.051357691373767222e+00
1.158933415017828539e+00
2.456069276500476295e-01
9.530084055478426075e-01
6.676132180982308206e-01
6.028239473256086223e-01
9.300035229847363194e-01
1.204480222364394448e+00
1.223190400365915975e+00
4.374967111529201036e-01
1.046638214689726620e+00
1.408235651355891793e+00
2.500243940829659506e-01
9.896242514661409695e-01
7.294598535862251154e-01
6.713816550335348632e-01
6.013342349850961943e-01
2.020730297554736321e+00
1.199782722916609146e+00
4.565458001110658248e-01
9.916642542750387923e-01
1.186184757917313704e+00
2.619434192577317910e-01
9.057517323645891683e-01
6.951906322085461554e-01
6.689999354403696197e-01
5.727161209443812906e-01
1.175472013068249666e+00
9.987454933724397854e-01
3.810431509013070817e-01
1.140371167212652859e+00
1.353203521041132618e+00
2.093036113360109696e-01
1.036535405801315868e+00
6.661382533360621361e-01
7.543904990372396480e-01
9.432329364814605599e-01
2.028563236629878919e+00
1.316576064702873694e+00
4.000922398594528029e-01
1.085397206797965142e+00
1.131152627602554528e+00
2.212226365107768655e-01
9.526628866997639555e-01
6.318690319583831760e-01
7.520087794440744045e-01
9.146148224407456562e-01
1.183304952143391819e+00
1.115538835158704112e+00
4.166067613834490979e-01
1.080677730113924540e+00
1.380454863940617782e+00
2.256401029436951589e-01
9.892787326180624285e-01
6.937156674463774708e-01
8.205664871520006454e-01
5.859455344411054201e-01
1.999555027333733914e+00
1.092131157709397504e+00
4.057330307068839903e-01
1.091924248497018635e+00
7.675791763697783487e-01
4.990739080966113406e-01
9.144301599583908313e-01
7.024565172139201064e-01
6.941405787844242559e-01
4.460254484247169748e-01
1.193728856835289953e+00
1.180163584646165331e+00
3.259287836758272827e-01
1.288749600797417738e+00
7.539655369647427774e-01
4.591937444208870622e-01
8.517812473673761486e-01
1.162619490915298703e+00
7.657723461677127252e-01
4.815448403086343143e-01
1.271861130246810800e+00
1.173247587475794607e+00
2.694752234242142053e-01
1.382482553320343976e+00
6.989334066499838238e-01
4.184729616739321645e-01
8.986924017025509359e-01
1.099297890665135613e+00
8.487811901714176210e-01
8.234435418049987909e-01
1.279694069321952954e+00
1.290040929262059155e+00
3.050388339063562215e-01
1.322789116221615657e+00
7.261847495494687665e-01
4.348094532816162427e-01
8.514357285192974967e-01
1.126875304775450948e+00
9.149571782861786184e-01
4.661561397646435956e-01
1.250685860025808172e+00
1.065596022268582965e+00
3.575219496736081748e-01
1.170393133871190372e+00
7.036011493253462312e-01
4.484640631916987363e-01
9.127859422129093181e-01
6.775579714716217783e-01
6.301003490227991000e-01
8.204391686588415888e-01
1.200083148944555811e+00
1.234297339078861189e+00
3.175829109459913924e-01
1.259406609710076008e+00
8.978712553486504211e-01
4.121607468776620764e-01
9.963129424663824674e-01
6.760830067094530937e-01
7.816669007344301257e-01
8.336685821555658293e-01
2.024166163210040281e+00
1.327683003415818908e+00
3.341198222813198115e-01
1.282612075361984294e+00
7.770388884707080113e-01
2.876041441261479870e-01
9.363785583173025451e-01
1.134052071763256064e+00
7.522553369422754210e-01
5.086601660074308029e-01
1.277002047469896651e+00
1.148960021083101690e+00
2.941807835537030291e-01
1.371625551200869708e+00
9.713089944940122011e-01
2.513008278121113270e-01
1.019905558570775694e+00
1.132577107001087491e+00
9.038218886539063357e-01
5.218895795041550434e-01
2.101085061735380677e+00
1.242345685420059409e+00
3.132298725118487503e-01
1.316651590786181991e+00
7.492581010554340004e-01
2.632198529868771675e-01
9.360330394692237821e-01
1.098307885623408309e+00
9.014401690607410922e-01
4.932714654634400842e-01
1.255826777248894022e+00
1.041308455875889827e+00
3.657129882791007036e-01
1.164255608435756706e+00
7.266745008313114651e-01
2.768744628969596611e-01
9.973832531628356035e-01
6.489905523195789172e-01
6.165833397973616847e-01
8.475544943576379664e-01
1.205224066167641661e+00
1.210009772686168050e+00
3.822275098030969986e-01
1.159536131751716104e+00
9.759767371693746085e-01
2.812919293298778989e-01
1.033999099081134077e+00
7.108371878075732120e-01
6.851410475052879256e-01
5.188852063579978413e-01
2.021474141357983534e+00
1.186602095236861443e+00
4.012765987612427199e-01
1.104562171337028387e+00
7.539258437307964078e-01
2.932109545046437948e-01
9.501265799795821643e-01
6.765679664298942519e-01
6.827593279121226821e-01
4.902670923172828821e-01
1.176215856871496879e+00
9.855648656926920825e-01
3.448230385096296424e-01
1.198295123859954625e+00
6.988937134160374542e-01
2.524901717576888416e-01
9.970377343147570626e-01
6.132463661797312726e-01
7.657681719158274669e-01
8.321657938136473032e-01
1.184048795946639032e+00
1.102358207478956409e+00
3.024232627720402911e-01
1.356361484052115207e+00
9.623630977643390372e-01
2.414117656541536483e-01
9.713501864901192828e-01
1.171000161508951809e+00
7.567728148885765060e-01
5.544045982419152363e-01
2.099606414769504603e+00
1.179686098066490718e+00
2.459697025204271859e-01
1.450094436575041446e+00
9.073309674495800836e-01
2.006909829071986950e-01
1.018261340825294292e+00
1.107678561258788719e+00
8.397816588922812908e-01
8.963032997382796019e-01
2.107439353844646757e+00
1.296479439852755267e+00
2.650187914785729348e-01
1.395120476160353729e+00
6.852800740110018829e-01
2.126100080819645910e-01
9.343888217237422689e-01
1.073409339881109537e+00
8.373999392991160473e-01
8.676851856975646982e-01
1.262181069358159879e+00
1.095442210308585684e+00
3.530655177279669044e-01
1.183031056711200124e+00
6.899478166863642903e-01
2.426011095997312184e-01
9.484823622341006510e-01
6.516694206875959239e-01
6.187190981504975262e-01
8.646808125514074961e-01
1.182570148980762736e+00
1.039698620125387940e+00
3.131264790003501219e-01
1.272044532550085760e+00
8.842179227096684802e-01
2.062977932856945584e-01
1.032009362487573911e+00
6.501944559254272393e-01
7.702856498621285519e-01
8.779102260481317366e-01
2.006653163246247207e+00
1.133084284462345659e+00
7.628832566640219026e-01
1.291791893351934339e+00
1.092296016067277886e+00
4.828087744820819260e-01
7.838396396659156329e-01
6.668858109985031923e-01
8.941226168174867261e-01
5.198083194847997746e-01
1.246597089602272002e+00
1.283140530548880998e+00
7.228632142362385604e-01
1.364123253290672411e+00
1.051391340528811114e+00
2.606093292824302465e-01
8.667927328703604051e-01
6.134198461041620032e-01
8.165653778304241550e-01
9.213373654177207106e-01
1.258092298934623710e+00
1.312986718588883939e+00
7.584268247183806322e-01
1.304429816191944091e+00
1.078642683428296056e+00
2.769458208901143803e-01
8.195360596871069658e-01
6.409972602144773379e-01
8.827413659451851524e-01
5.640499633773656818e-01
1.229084089638478927e+00
1.088541811595407749e+00
7.158565345325360596e-01
1.389425743265169544e+00
6.510912051510875376e-01
5.041872475710362789e-01
7.796591152002522174e-01
6.866861997277158292e-01
7.608329355239097369e-01
4.698743095954616145e-01
1.245862286439642697e+00
1.207300315515564604e+00
6.594029742809229822e-01
1.483158695788095782e+00
5.960590748363285840e-01
4.634664648240813811e-01
8.265702695354270046e-01
6.233645994775528498e-01
8.438417795276146327e-01
8.117730110918259800e-01
1.253695225514785072e+00
1.324093657301829152e+00
6.759174958049192217e-01
1.478439219104055180e+00
8.453613111743917274e-01
4.678839312569996189e-01
8.631861154537253666e-01
6.852112349655471446e-01
9.123994872355408736e-01
4.831037230921858550e-01
2.069945300705127167e+00
1.300685979852522323e+00
7.240475731380285884e-01
1.383288217829735878e+00
6.741645566570527714e-01
3.325976472762972036e-01
8.642564261501786138e-01
6.581187805756730791e-01
7.473159262984723217e-01
4.969896352942579920e-01
1.251003203662728547e+00
1.183012749122871687e+00
6.675940128864155110e-01
1.477021170352662116e+00
6.191324263422937069e-01
2.918768645293423059e-01
9.111675804853534011e-01
5.947971803255100998e-01
8.303247703021771065e-01
8.388883367906224686e-01
1.258836142737870700e+00
1.299806090909136236e+00
5.877897658553588034e-01
1.673846522653061220e+00
6.055187869372582465e-01
2.519967008536180275e-01
8.485186678943386074e-01
1.054960154026888475e+00
9.019565376854657979e-01
8.744077286745397526e-01
1.336968416149391548e+00
1.292890093738765511e+00
6.043042873793550429e-01
1.669127045969020617e+00
8.548210232753213900e-01
2.564141672865363208e-01
8.851345138126369694e-01
1.116806789514882992e+00
9.705142453933919278e-01
5.457384406748996275e-01
2.153218491339733642e+00
1.269482416289458682e+00
6.233533763375008752e-01
1.614153085554332900e+00
6.327701298367431892e-01
2.683331924613021613e-01
8.012619947110851681e-01
1.082537568137203809e+00
9.681325258002267953e-01
5.171203266341847238e-01
1.307960206853246765e+00
1.068445186745289321e+00
6.923510136287489569e-01
1.457037626519867013e+00
8.594887659506837974e-01
2.864052688043028927e-01
8.992280543229953516e-01
6.950668703213689348e-01
7.518334042447735177e-01
5.427340675287424254e-01
2.073607570962336499e+00
1.213738826106260937e+00
6.358974533771358795e-01
1.550770579042793251e+00
8.044566356359247328e-01
2.456844860573479672e-01
9.461392086581701388e-01
6.317452700712059555e-01
8.348422482484783025e-01
8.846327690251067910e-01
2.081440510037478653e+00
1.330532167892525264e+00
8.132132374678625597e-01
1.016916575508309162e+00
1.060863832418041719e+00
4.304262004844773837e-01
7.760489583878243947e-01
7.351682303269180263e-01
7.307200209157937998e-01
6.526458757978195191e-01
1.225929114952851950e+00
1.179992046693709939e+00
7.567596772162494823e-01
1.110649528031235400e+00
1.005831702103282765e+00
3.897054177375224859e-01
8.229601127229991819e-01
6.718466300767550470e-01
8.137288649194985846e-01
9.945445772941837737e-01
1.233762054027994104e+00
1.296785388479974266e+00
7.649507158217419001e-01
1.104512002595801512e+00
1.028905053609248110e+00
2.181158174427833274e-01
9.075574236729255784e-01
6.432792109247121859e-01
8.002118556940611693e-01
1.021659902992980262e+00
1.238902971251079732e+00
1.272497822087281349e+00
8.005143263038839718e-01
1.044818565497073193e+00
1.056156396508733053e+00
2.344523090504675167e-01
8.603007504896721391e-01
6.708566250350275206e-01
8.663878438088221667e-01
6.643725009526253444e-01
1.209894761954934950e+00
1.048052915093805160e+00
7.416000290422983809e-01
1.207604402373274377e+00
1.070323544518971381e+00
2.189564365140140023e-01
7.979973567467359974e-01
1.166763784876253762e+00
7.888347790736449650e-01
7.152805933805332916e-01
1.309202305587458426e+00
1.148788483130646076e+00
6.851464687906853035e-01
1.301337354896200615e+00
1.015291414204212428e+00
1.782356537670590213e-01
8.449085110819107847e-01
1.103442184626090672e+00
8.718436230773497497e-01
1.057179294876897657e+00
1.317035244662600801e+00
1.265581824916910625e+00
7.016609903146815430e-01
1.296617878212160013e+00
1.264593650542275460e+00
1.826531201999773146e-01
8.815243570002091467e-01
1.165288820114085189e+00
9.404013307852759906e-01
7.285100068772575321e-01
2.133285319852942674e+00
1.242174147467604017e+00
7.207100792728273753e-01
1.241643917797472296e+00
1.042542757103697371e+00
1.945721453747431828e-01
7.976518378986573454e-01
1.131019598736406007e+00
9.380196111921107471e-01
6.998918928365426284e-01
1.288027035366456019e+00
1.041136917923434435e+00
7.731931950400792175e-01
1.089247935447047233e+00
1.019959156879574946e+00
2.082267552848256764e-01
8.590020515922691668e-01
6.817022654325768372e-01
6.531627819287312287e-01
1.054174921730740566e+00
1.237424324285203658e+00
1.209838234733712659e+00
7.897077165640754570e-01
1.084528458763006631e+00
1.269261393217637979e+00
2.126442217177439697e-01
8.956178975105675288e-01
7.435489009205711319e-01
7.217204896366574696e-01
7.255056337311004411e-01
2.053674399475545531e+00
1.186430557284406051e+00
8.087568055222212893e-01
1.029554498348318914e+00
1.047210499779059889e+00
2.245632468925098657e-01
8.117453784090157276e-01
7.092796795428921719e-01
7.193387700434922261e-01
6.968875196903855374e-01
1.208416114989058876e+00
9.853933277402365798e-01
7.688177667946044513e-01
1.118567974187204550e+00
1.241480605802363968e+00
1.882599305784731780e-01
8.952723786624888769e-01
7.078047147807234873e-01
8.709053217551232517e-01
7.101169331871096668e-01
2.032499129254543124e+00
1.078778992077194410e+00
6.698973098686454852e-01
1.341903912019452250e+00
6.239371755561622379e-01
4.317026342136228156e-01
8.063302654924590085e-01
1.138285483741780180e+00
9.631602545361652723e-01
5.732012203168784792e-01
1.306283879133496084e+00
1.222555009197159981e+00
7.579440361180393992e-01
1.129814492570298645e+00
6.286049182315246453e-01
4.616937357313894430e-01
8.204238060028173907e-01
7.165455645482661229e-01
7.444794133875468622e-01
5.701968471707212771e-01
1.226672958756098941e+00
1.166811419013962015e+00
7.370540863485683936e-01
1.163854007994496564e+00
6.008241308162506344e-01
4.373094445921186235e-01
8.200782871547387387e-01
6.808013784084184783e-01
8.936642455060127554e-01
5.548081466267306139e-01
1.205497688535096534e+00
1.059159853806750373e+00
6.781397890869826917e-01
1.326639844870697749e+00
6.149912788264890739e-01
4.218135720556652202e-01
7.577748934118027080e-01
1.176708538249644720e+00
8.161111807708354426e-01
6.057162390546386721e-01
1.304805232167619788e+00
1.159895421843591512e+00
6.382007503593658537e-01
1.415653320709583385e+00
8.092613848497932638e-01
3.855102557416285602e-01
8.413018936652758573e-01
1.175233573487476146e+00
9.676777324824663573e-01
6.189456525513628016e-01
2.128888246433104037e+00
1.253281086180549231e+00
6.572498393175116860e-01
1.360679360294895668e+00
5.872104914112150631e-01
3.974292809163944007e-01
7.574293745637240560e-01
1.140964352109796964e+00
9.652960128893012248e-01
5.903275385106478979e-01
1.283629961946617382e+00
1.052243856636379649e+00
6.888430053152925225e-01
1.242322893368668302e+00
5.368461037718184059e-01
3.866995996872061303e-01
8.184340694092572255e-01
6.559028326661200392e-01
8.296240157443874885e-01
9.292218668608551724e-01
1.211851980644362392e+00
1.113293608239446231e+00
6.863308276924752205e-01
1.320502319435264083e+00
6.380646303324543078e-01
2.502239717609260894e-01
8.423722043617289934e-01
1.148141119097601859e+00
8.025941715453979164e-01
6.328315647534350497e-01
1.309946149390705639e+00
1.135607855450898374e+00
6.298772674408621430e-01
1.414235271958190321e+00
5.830325000176952432e-01
2.095031890139711084e-01
8.892833586969037807e-01
1.084819518847438768e+00
8.856030155491027012e-01
9.747302662497993042e-01
1.317779088465847792e+00
1.252401197237162922e+00
6.463917889648583825e-01
1.409515795274149719e+00
8.323347363557584977e-01
2.139206554468894017e-01
9.258992046152021427e-01
1.146666154335433285e+00
9.541607232570288311e-01
6.460609782501592901e-01
2.134029163656189887e+00
1.228993519787856092e+00
6.970340439207850514e-01
1.236185367933234636e+00
5.599194552777836398e-01
2.151099993924669718e-01
9.030313803591835109e-01
6.273354135140772891e-01
8.161070065189500733e-01
9.563371925596515499e-01
1.216992897867448020e+00
1.089006041846753314e+00
7.135485654447812909e-01
1.231465891249194033e+00
8.092216916158467832e-01
2.195274658253852651e-01
9.396472262774818729e-01
6.891820490020715839e-01
8.846647142268763142e-01
6.276679045600114248e-01
2.033242973057790337e+00
1.065598364397446485e+00
6.381197466591993495e-01
1.398971204809435820e+00
5.740866032880220793e-01
1.996141268560134574e-01
8.407279866162474802e-01
1.123242573355303309e+00
7.385539417837728715e-01
1.007245284987559719e+00
1.316300441499971496e+00
1.189741609883594231e+00
6.736833571413414212e-01
1.339277767710707501e+00
6.013379461875071330e-01
2.159506184636976467e-01
7.934713134329940409e-01
1.150819987465618643e+00
8.047299298985338689e-01
6.499578829472045793e-01
1.287292232203826714e+00
9.652967028901181523e-01
6.172297968897283438e-01
1.433010720233633739e+00
5.463058158727480684e-01
1.752298357167426657e-01
8.403824677681688282e-01
1.087498387215455553e+00
8.877387739022386537e-01
9.918565844435688339e-01
1.295125171278969090e+00
1.082090044676382590e+00
6.862274341809764255e-01
1.275895261199167852e+00
7.730244519866886765e-01
1.933019120597434248e-01
9.383485273800790116e-01
7.000276893996207894e-01
6.714396523467853761e-01
1.017470325338126758e+00
2.060772535388058824e+00
1.227383684037354206e+00
6.653374844115054199e-01
1.309934776623365771e+00
7.452436645714146657e-01
1.689176209204726331e-01
9.380030085320003597e-01
6.642835032597731448e-01
8.206244844652511583e-01
1.002081624794135761e+00
2.039597265167055973e+00
1.119732118830142342e+00
4.192215448887677276e-01
1.249298807626937124e+00
1.239127472399162544e+00
5.245610006748177012e-01
9.348072417968398273e-01
6.492674202442444420e-01
8.564373759416357146e-01
3.878349374662602989e-01
1.216012415981534200e+00
1.304032853889951271e+00
4.274640241071049340e-01
1.234034740478182623e+00
1.230181575669489602e+00
5.146719385168599947e-01
8.862518697161835268e-01
6.876904747521089822e-01
7.093883021763058849e-01
4.203499562040205473e-01
1.214533769015657905e+00
1.241373266536382802e+00
3.710104638554919121e-01
1.327767693001108862e+00
1.175149445354730426e+00
4.739511557699050970e-01
9.331630240513583141e-01
6.243688745019460029e-01
7.923971461800106697e-01
7.622486577003849684e-01
1.222366708090800058e+00
1.358166608322647129e+00
3.875249853794882071e-01
1.323048216317068260e+00
1.424451681692793681e+00
4.783686222028233348e-01
9.697788699696566761e-01
6.862155099899402977e-01
8.609548538879369106e-01
4.335793697007447878e-01
2.038616783281141931e+00
1.334758930873340521e+00
4.065740743376339283e-01
1.268074255902380543e+00
1.202400788254215591e+00
4.902876473775891752e-01
8.859063508681048749e-01
6.519462886122613376e-01
8.585731342947716671e-01
4.049612556600297730e-01
1.193358498794655276e+00
1.133721701329170939e+00
3.476083364632035488e-01
1.439986634491902562e+00
1.248587184500092206e+00
3.130912367043544031e-01
9.567556401557514301e-01
1.080862974793580289e+00
9.145521340994868797e-01
4.504696550489741269e-01
1.299285606616140676e+00
1.272829290326887630e+00
4.356550627125974628e-01
1.227897215042748957e+00
1.253254927175454725e+00
3.430823382221209750e-01
9.708491806661098122e-01
6.591230556000662322e-01
6.958712929508683587e-01
4.474652819028169248e-01
1.219674686238743533e+00
1.217085700143689886e+00
3.792015024609844409e-01
1.321630167565675196e+00
1.198222796860695549e+00
3.023615554751660772e-01
1.017760335001284711e+00
5.958014553499032528e-01
7.788801369545731434e-01
7.893639833991813459e-01
1.227507625313885908e+00
1.333879041929954212e+00
3.159117769539240284e-01
1.513736043182033697e+00
1.433911393793723343e+00
2.668988582323600922e-01
9.917272683285683899e-01
1.117811064539276256e+00
9.190696120457880758e-01
4.962140872834585048e-01
2.121889973915748850e+00
1.303555367310276880e+00
3.874439816793216473e-01
1.306366100416920695e+00
1.189276900131022607e+00
2.924724933172084262e-01
9.692049629206282990e-01
6.342245098577677931e-01
6.318310631892433138e-01
8.218790021369415388e-01
1.226028978348009613e+00
1.271219454576385521e+00
3.475049429517049204e-01
1.395379576255806331e+00
1.383547006154326686e+00
2.561691770031717663e-01
1.052731963174101670e+00
6.327495450955991085e-01
7.833976149008743395e-01
8.351084156336657793e-01
2.050111992613493861e+00
1.364605118913343462e+00
3.665540319098506417e-01
1.340405615841118614e+00
1.161496112715748597e+00
2.680882021779376068e-01
9.688594440725496471e-01
5.984803237179201485e-01
7.810158953077090960e-01
8.064903015929508756e-01
1.204853708127006984e+00
1.163567889369173880e+00
3.157412625056687516e-01
1.440665610063098567e+00
7.428905311682135748e-01
5.052186910168172673e-01
9.775378716663513101e-01
6.057462087232940995e-01
8.061565386517636211e-01
6.797996290732866154e-01
1.223110551894047271e+00
1.344985980642899426e+00
3.322557840296650467e-01
1.435946133379057965e+00
9.921927675062767182e-01
5.096361574497354496e-01
1.014153717584649783e+00
6.675928442112883943e-01
8.747142463596898621e-01
3.511303410736464903e-01
2.039360627084389144e+00
1.321578303193592818e+00
3.513048729878107679e-01
1.380972172964370248e+00
7.701418740676985175e-01
5.215551826245014011e-01
9.302811984830978709e-01
6.333236228336094342e-01
8.723325267665246185e-01
3.225122270329314755e-01
1.194102342597902489e+00
1.120541073649423236e+00
2.359370154746120440e-01
1.637490962363497671e+00
7.292768917631780035e-01
4.653385273410929335e-01
9.148889590753366274e-01
1.065909182424672696e+00
8.777883060350523126e-01
7.153190209572040104e-01
1.301242825305568118e+00
1.338069983472528701e+00
2.524515369986083391e-01
1.632771485679457069e+00
9.785791281012411469e-01
4.697559937740111713e-01
9.515048049936349894e-01
1.127755817912667213e+00
9.463460137429785535e-01
3.866497329575638298e-01
2.117492900495910213e+00
1.314662306023222094e+00
2.715006259567540603e-01
1.577797525264769352e+00
7.565282346626629462e-01
4.816750189487770117e-01
8.676322858920831882e-01
1.093486596534988031e+00
9.439642941498133100e-01
3.580316189168488150e-01
1.272234616009423336e+00
1.113625076479052511e+00
3.595473522061480298e-01
1.365708105815615747e+00
7.611959773380253536e-01
5.116661204665436946e-01
8.817258264024415704e-01
6.717466773414740855e-01
7.252834530011946779e-01
3.550272457706917240e-01
1.192623695632026193e+00
1.057881486295854767e+00
3.196083134785312474e-01
1.454721581654501383e+00
9.554660833613295434e-01
4.753628041525069792e-01
9.652528266559147196e-01
6.702717125793054009e-01
8.768500047128257036e-01
3.682566592674159645e-01
2.016706709897510219e+00
1.151267150632812486e+00
3.005816143317176503e-01
1.537620484405137766e+00
8.073823735839021909e-01
3.344697097933087560e-01
9.525751156900881256e-01
1.100663363522792926e+00
7.812624528059100015e-01
4.005356451596360223e-01
1.298550803453511593e+00
1.196989075293571236e+00
2.796916645622465891e-01
1.571659999829335685e+00
7.796015861686281800e-01
3.100854186540379920e-01
9.522295968420094736e-01
1.064919177382945170e+00
9.304472849243757837e-01
3.851469446156452481e-01
1.277375533232508964e+00
1.089337510086359595e+00
3.321747803294985424e-01
1.419264017478910400e+00
7.570179859445056447e-01
3.237400285641204856e-01
1.013579810535621517e+00
6.156018440791158897e-01
6.455904556609962652e-01
7.394299735098432969e-01
1.226772822151256603e+00
1.258038826896637818e+00
3.486893018534948374e-01
1.414544540794869798e+00
1.006320222282568899e+00
3.281574949970387234e-01
1.050195656453919879e+00
6.774484795671101844e-01
7.141481633689225061e-01
4.107606855102031718e-01
2.043022897341598920e+00
1.234631149447331211e+00
2.523705332984418903e-01
1.616089369779309504e+00
7.434043465394700734e-01
2.838598648883962072e-01
9.509308979446065013e-01
1.075764817780494376e+00
7.172222230442848456e-01
7.749493653937606918e-01
1.304905095562777673e+00
1.251122829726267094e+00
2.688850548224381298e-01
1.611369893095268901e+00
9.927065828775332168e-01
2.882773313213144450e-01
9.875467438629049743e-01
1.137611453268488892e+00
7.857799307522110865e-01
4.462800773941205112e-01
2.121155170753119545e+00
1.227715152276960486e+00
2.879341437805838511e-01
1.556395932680581184e+00
7.706556894389550161e-01
3.001963564960803410e-01
9.036742247613530621e-01
1.103342231890809710e+00
7.833982111590458430e-01
4.176619633534054965e-01
1.275896886266632890e+00
1.026677922732791126e+00
2.124314945708250801e-01
1.705102845618195140e+00
9.376744525627742632e-01
2.475565485743594363e-01
1.034457898198079873e+00
1.074289853018325802e+00
8.687887747559158713e-01
7.881787788904848213e-01
2.128988109828261699e+00
1.344508494063224813e+00
2.314805835289708014e-01
1.650128885203507423e+00
7.156235591241960625e-01
2.594755737491253877e-01
9.505853790965278494e-01
1.040020631640646620e+00
8.664070551627507388e-01
7.595606648497699176e-01
1.283729825341775044e+00
1.143471264519055453e+00
3.195273097783647431e-01
1.438039465754353818e+00
7.202913017995584699e-01
2.894666752668920706e-01
9.646789196068862315e-01
6.182807124471328963e-01
6.477262140141321067e-01
7.565562917036128265e-01
1.204118904964377901e+00
1.087727674335857486e+00
3.360418313023610382e-01
1.433319989070313216e+00
9.695935381376216133e-01
2.938841416998103084e-01
1.001294765525184705e+00
6.801273479351271911e-01
7.162839217220583476e-01
4.278870037039726459e-01
2.020368980154719996e+00
1.064319996886550879e+00
4.695515256926082737e-01
9.744234897833117248e-01
1.207695288749926599e+00
4.721784266772132699e-01
9.270165605187487001e-01
7.175498395726592760e-01
6.930347800399428992e-01
5.206724937792802654e-01
1.195344441332114149e+00
1.200884370034780213e+00
4.130979654409952517e-01
1.068156442306237963e+00
1.152663158435167423e+00
4.314576439302583721e-01
9.739277148539234874e-01
6.542282393224962966e-01
7.760436240436476840e-01
8.625711952756446310e-01
1.203177380407256303e+00
1.317677711821044761e+00
3.897472786615516216e-01
1.171248842083710828e+00
1.194081649344891138e+00
4.322982630014889360e-01
8.643676479277339064e-01
1.177712813274037984e+00
7.646665474232314796e-01
5.561918856631975494e-01
1.273476714743634997e+00
1.193968372864409488e+00
4.213404446593324582e-01
1.052892375157483684e+00
1.143717261705494481e+00
4.215685817723006656e-01
9.253723427732670759e-01
6.926512938303608369e-01
6.289945502783177433e-01
8.950862140134048239e-01
1.201698733441380007e+00
1.255018124467476071e+00
3.979383172670441504e-01
1.165111316648277162e+00
1.217155000850856261e+00
2.607086627067498608e-01
9.489649588776603029e-01
1.149145394121995123e+00
7.511495381977940644e-01
5.833072113619940380e-01
1.278617631966720847e+00
1.169680806471716572e+00
3.414847570154310730e-01
1.258844269171203401e+00
1.162122870536097086e+00
2.199878799597948797e-01
9.958761132128352012e-01
1.085823793871832033e+00
8.341583822014989602e-01
9.252059128583584036e-01
1.286450571041863000e+00
1.286474148257980898e+00
3.579992785394273680e-01
1.254124792487162798e+00
1.411425106874160340e+00
2.244053463927131731e-01
1.032491959131133674e+00
1.147670429359826549e+00
9.027160899094252011e-01
5.965366248587181675e-01
2.102700646232205095e+00
1.263066470808674291e+00
3.770483674975730892e-01
1.199150832072475081e+00
1.189374213435582250e+00
2.363243715674790690e-01
9.486194400295816509e-01
1.113401207982147367e+00
9.003343703162599576e-01
5.679185108180032637e-01
1.257442361745718218e+00
1.062029241264504709e+00
4.650950937469670032e-01
9.870614126233213659e-01
1.194041956110944769e+00
2.663154730852456686e-01
9.627129805399400331e-01
6.916612887886334216e-01
6.816535291676413255e-01
5.649141376718461727e-01
1.177831441368321075e+00
1.006285651081306964e+00
3.895924445372082601e-01
1.135768325560935432e+00
1.361060719234763683e+00
2.136756651635248472e-01
1.093496653976666844e+00
6.626089099161494023e-01
7.670440927645113538e-01
9.354309532089254420e-01
2.030922664929950106e+00
1.324116222411740873e+00
3.497272362337683349e-01
1.243580202022448900e+00
1.153176973806424144e+00
2.100988178018372288e-01
9.473207411321786786e-01
1.124246848379696573e+00
6.871093084361689085e-01
9.577209315961185965e-01
1.284971924075986704e+00
1.223814560904412430e+00
3.852908467159103512e-01
1.183886764923720580e+00
1.180428316705909308e+00
2.264353094095214181e-01
9.000640679489252394e-01
1.151824262490011908e+00
7.532852965509299059e-01
6.004335295557635677e-01
1.255963714779841922e+00
9.993696539109362398e-01
3.288372864642972737e-01
1.277619717446646819e+00
1.125396186391150133e+00
1.857145266625664370e-01
9.469752222841000266e-01
1.088502662239848817e+00
8.362941405546346907e-01
9.423322310521278222e-01
1.263796653854984076e+00
1.116162995697200566e+00
4.168840127136911877e-01
1.065530297997493436e+00
1.130063929066512651e+00
2.157056281803330922e-01
9.610687627944584088e-01
6.667627430463349825e-01
6.176132994060161696e-01
9.393278579059707312e-01
1.184185733477586933e+00
1.060419405514002822e+00
4.333985342376874828e-01
1.060810821313452834e+00
1.379366165404575906e+00
2.201230946132513855e-01
9.976846087127567708e-01
7.286093785343292772e-01
6.861710071139424105e-01
6.106585699063306061e-01
2.000435808667929027e+00
1.037011728064695992e+00
3.769449739860744608e-01
1.154543773836379073e+00
1.324334035089816730e+00
1.794023118662964045e-01
1.044595763047931669e+00
6.652877782841662979e-01
7.691798511176471953e-01
9.525572714026949717e-01
2.008268747743071181e+00
1.153805069850960541e+00
2.945390385841116787e-01
1.373160234984586170e+00
9.560928411816781436e-01
4.272624819343643354e-01
9.922694957962000517e-01
1.157615182733217507e+00
9.299924916066154568e-01
4.869722705328234369e-01
2.098303572812366458e+00
1.274173409521619504e+00
3.660712433095093532e-01
1.165790292219473168e+00
7.114583475189774076e-01
4.528361170192126695e-01
9.697471903882600719e-01
6.740286280517089335e-01
6.427539427500708058e-01
8.126371853863064709e-01
1.202442577244627220e+00
1.241837496787728368e+00
4.016348537916513695e-01
1.106096855120744848e+00
7.387096904184623503e-01
4.691726086268967477e-01
9.224905172050066327e-01
7.016060421620242682e-01
7.089299308648318032e-01
4.553497833459513311e-01
1.173434367948482437e+00
1.017392589794252178e+00
3.451812935400382920e-01
1.199829807643671087e+00
6.836775601037033967e-01
4.284518258799418500e-01
9.694016715401814199e-01
6.382844419118612889e-01
7.919387748685365880e-01
7.972484848423158077e-01
1.181267307023624591e+00
1.134185931580516726e+00
2.862669962784526456e-01
1.362615644519872271e+00
6.978447081139418362e-01
4.129559533434883911e-01
9.070982777972453892e-01
1.134191601753087308e+00
7.143857101333592752e-01
8.481565772702238659e-01
1.280574850656148067e+00
1.234921499617357643e+00
3.218306067605946619e-01
1.302922207421143952e+00
7.250960510134267789e-01
4.292924449511724694e-01
8.598416046139919500e-01
1.161769015863402643e+00
7.805616982481202726e-01
4.908691752298686706e-01
1.251566641360003285e+00
1.010476592623881453e+00
2.463279575508358354e-01
1.451629120358757907e+00
8.921148141372460261e-01
3.766526370294517312e-01
9.906252780507186495e-01
1.132716636990918735e+00
8.659522618449904119e-01
8.613859907669481064e-01
2.104657864921632093e+00
1.328307163954315362e+00
2.653770465089815844e-01
1.396655159944070190e+00
6.700639206986678253e-01
3.885716622042175716e-01
9.067527589491667372e-01
1.098447415613239553e+00
8.635705422518251684e-01
8.327678767262332027e-01
1.259399580435145438e+00
1.127269934410146002e+00
2.818915680329778795e-01
1.391935683260029588e+00
9.193661570367309688e-01
3.929891286371358095e-01
9.433686048674650992e-01
1.160294051101234070e+00
9.321282499597514093e-01
5.040985887265929666e-01
2.075649655625487533e+00
1.103862256960839172e+00
3.534237727583755539e-01
1.184565740494916586e+00
6.747316633740302327e-01
4.185627637219841435e-01
9.208462994595251194e-01
6.767074964197259401e-01
6.448897011032066473e-01
8.297635035800760006e-01
1.179788660057748295e+00
1.071526344226948035e+00
3.699382942823718490e-01
1.179846263810875984e+00
9.240338997120933762e-01
4.229802301549023813e-01
9.574621453778234814e-01
7.385541319077202349e-01
7.134474088111328882e-01
5.010942155804357645e-01
1.996038735248090390e+00
1.048118666777641428e+00
2.735680851144741133e-01
1.390517634508636524e+00
6.931372722046330592e-01
2.169820619094784686e-01
9.913500698990930227e-01
1.069879996461196914e+00
8.500535330263876421e-01
8.598832024250295802e-01
1.264540497658231288e+00
1.102982368017452863e+00
2.818105643328113752e-01
1.375253567359882023e+00
6.841913754749598953e-01
2.070929997515208176e-01
9.427946978184367222e-01
1.108303050969061232e+00
7.030044592610578125e-01
8.923982211627897732e-01
1.263061850692354993e+00
1.040322780663884394e+00
2.983250858568076702e-01
1.370534090675841421e+00
9.334936118130230387e-01
2.115104661844391110e-01
9.794105437367350842e-01
1.170149686457055749e+00
7.715621669689840534e-01
5.637289331631496481e-01
2.079311925882697309e+00
1.016915103214577565e+00
2.418715256051945928e-01
1.464267043198767659e+00
8.784614814982640851e-01
1.707896834374841299e-01
1.026321698071910093e+00
1.106828086206892658e+00
8.545710109726888382e-01
9.056276346595140136e-01
2.087144864957839463e+00
1.133708445000842113e+00
3.299182518545885623e-01
1.252177623749614055e+00
8.831292241736264925e-01
2.007807849552507851e-01
1.040415238582268476e+00
6.850881670133790458e-01
6.358901698240703171e-01
9.026232615133568116e-01
2.007533944580441876e+00
1.077964854817644147e+00
7.587850797487892818e-01
1.305964499975660553e+00
1.063426530115961999e+00
4.529074750123673332e-01
7.918999969125314342e-01
6.660353359466073542e-01
9.089119688978942735e-01
5.291326544060341863e-01
1.226302600715464486e+00
1.120369535696967844e+00
7.878660681237529273e-01
1.265787459116028968e+00
1.114280669037201132e+00
3.057021658568990774e-01
8.768428267105363716e-01
6.732121029344121377e-01
7.462101275539909651e-01
5.716366806488212271e-01
1.252618788159552743e+00
1.203733534511486569e+00
7.479270293961360894e-01
1.354800934954914604e+00
1.308550775060505211e+00
2.693988495428624175e-01
9.603698269640095209e-01
6.717371381722434531e-01
8.977766792656219907e-01
5.848660941455454676e-01
2.076701802425036991e+00
1.297119198848444288e+00
7.669761183542819216e-01
1.299826974540226887e+00
1.086499881621927122e+00
2.813178747176282579e-01
8.764973078624577196e-01
6.374679167945644931e-01
8.953949596724567472e-01
5.562479801048305639e-01
1.231443517938550114e+00
1.096081969304274928e+00
7.396549870904769453e-01
1.344256344490200705e+00
1.050302641992769015e+00
2.550923209519864732e-01
8.751986089650548584e-01
6.483135571921138096e-01
6.821698977923659202e-01
9.460504008829457856e-01
1.258973080268818601e+00
1.257867288944182427e+00
7.561695086144731848e-01
1.339536867806160103e+00
1.299604878330832047e+00
2.595097873849047665e-01
9.118144548833532204e-01
7.101601926801081044e-01
7.507276055002921611e-01
6.173811128833056605e-01
2.075223155459160473e+00
1.234459611494875819e+00
6.363591019190433240e-01
1.596912321062605944e+00
6.542806606693564175e-01
4.785681998807835846e-01
8.225268228652447000e-01
1.104896775501317263e+00
9.921673703997999638e-01
4.650766994690836431e-01
1.327832635117111248e+00
1.270584063407629749e+00
6.679522679168241606e-01
1.478555854136378578e+00
6.039162730299597603e-01
4.678385186515953142e-01
8.835315177107778695e-01
6.198352560576401160e-01
8.564953732548862275e-01
8.039710278192908621e-01
1.256054653814856259e+00
1.331633815010696331e+00
6.844667894408204001e-01
1.473836377452337976e+00
8.532185093680229038e-01
4.722559850845135521e-01
9.201473636290762315e-01
6.816818915456344108e-01
9.250530809628124684e-01
4.753017398196507370e-01
2.072304729005198354e+00
1.308226137561389502e+00
6.046625424097636925e-01
1.670661729752737079e+00
8.396048699629874434e-01
4.323758214087892737e-01
8.574984510380614378e-01
1.141844865247013008e+00
9.966848483461012709e-01
5.108211317035681320e-01
2.150437002416718979e+00
1.301310140391018777e+00
6.237116313679095247e-01
1.615687769338049362e+00
6.175539765244092427e-01
4.442948465835551142e-01
7.736259319365096365e-01
1.107575643869333826e+00
9.943031287529359163e-01
4.822030176628531728e-01
1.305178717930232324e+00
1.100272910846849417e+00
6.761947471351613670e-01
1.463291786987624077e+00
5.949703763002865964e-01
4.579494564936376078e-01
8.349761456301214579e-01
6.582583105655046563e-01
7.094462994895562868e-01
8.364860465570510550e-01
1.254576006848979963e+00
1.268974227657127640e+00
6.927092686591576065e-01
1.458572310303583475e+00
8.442726126383497398e-01
4.623669229265558456e-01
8.715919915484198199e-01
7.201049460534989510e-01
7.780040071974825278e-01
5.078167585574109300e-01
2.070826082039322280e+00
1.245566550207821033e+00
6.718193188896866008e-01
1.492611825727781394e+00
8.164918252230757290e-01
4.379826317872850261e-01
8.712464727003411680e-01
6.843607599136513064e-01
9.271888393159484210e-01
4.924280580134202112e-01
2.049650811818319429e+00
1.137914985000609169e+00
5.963390594912599818e-01
1.669243681001344015e+00
6.133759851308894229e-01
2.563687546811319051e-01
9.054799160696894722e-01
1.051430810606975852e+00
9.146101314127373927e-01
8.666057454020046347e-01
1.339327844449462956e+00
1.300430251447632690e+00
6.128535810152562213e-01
1.664524204317303413e+00
8.626782214689525663e-01
2.607862211140501985e-01
9.420957619879878342e-01
1.113277446094970369e+00
9.831678391206637446e-01
5.379364574023645096e-01
2.155577919639804829e+00
1.277022573998325861e+00
6.319026699734020536e-01
1.609550243902615696e+00
6.406273280303743656e-01
2.727052462888160389e-01
8.582232428864360330e-01
1.079008224717291187e+00
9.807861195274983901e-01
5.093183433616496059e-01
1.310319635153318174e+00
1.075985344454156500e+00
6.843857857406538958e-01
1.457154261552190411e+00
6.180437278062517192e-01
2.863598561988985325e-01
9.195734565800478544e-01
6.296908914134619062e-01
6.959292902641188716e-01
8.636013722558475436e-01
1.259716924072065813e+00
1.244686661264434724e+00
7.009003072646501353e-01
1.452434784868149809e+00
8.673459641443149737e-01
2.907773226318167703e-01
9.561893024983462164e-01
6.915375269014562010e-01
7.644869979720451125e-01
5.349320842562073075e-01
2.075966999262407686e+00
1.221278983815127894e+00
6.634958359711828901e-01
1.491193776976388330e+00
5.902629403909777084e-01
2.619755650596277130e-01
9.192279377319692024e-01
5.939467052736142616e-01
8.451141223825846538e-01
8.482126717118568804e-01
1.238541653851063185e+00
1.137035096057223083e+00
6.401451491917392600e-01
1.594286176753861195e+00
6.316814313007012016e-01
2.628161841308583879e-01
8.096678708057796214e-01
1.117431279225155505e+00
8.337370457621684494e-01
5.418333620994097988e-01
1.308840988187441878e+00
1.013325757100587809e+00
5.646424999819803503e-01
1.742993089691475150e+00
7.987001944245204488e-01
2.101763762091375665e-01
9.404515442425062099e-01
1.088378900352671597e+00
9.191276093590385887e-01
9.123501776364890681e-01
2.161932211749070909e+00
1.331156328431021718e+00
5.836915889401261825e-01
1.688019129276787433e+00
5.766493009859422481e-01
2.220954013839034624e-01
8.565790251409544087e-01
1.054109678974992415e+00
9.167458897658733452e-01
8.837320635957741644e-01
1.316673927262584032e+00
1.130119098886852358e+00
6.002061104641224221e-01
1.683299652592746831e+00
8.259515373240053915e-01
2.265128678168217558e-01
8.931948710592527707e-01
1.115956314462986931e+00
9.853035974737994751e-01
5.550627755961340393e-01
2.132924002452926349e+00
1.106711421437545528e+00
6.526892262313742643e-01
1.530903670242321546e+00
8.033679370998827451e-01
2.401674777269041938e-01
9.545450847528645921e-01
6.666389811591577619e-01
7.004467682104200676e-01
9.093458044903319770e-01
2.082321291371673766e+00
1.275412738247823752e+00
7.653089708521505496e-01
1.106046686379517974e+00
1.013688900296914053e+00
3.940774715650364191e-01
8.799213608983500468e-01
6.683172866568422021e-01
8.263824586467704014e-01
9.867425940216488778e-01
1.236121482328065513e+00
1.304325546188841445e+00
7.419582840727070305e-01
1.209139086156990839e+00
1.055107391206637324e+00
3.949180906362669830e-01
7.703612939721604658e-01
1.191801860608383778e+00
8.150053820263540860e-01
6.803632844092017962e-01
1.306420816664443985e+00
1.180616207232206394e+00
7.210683343032360249e-01
1.243178601581188758e+00
1.027326603791363313e+00
3.705337994969961635e-01
7.700157751240818138e-01
1.156057674468536023e+00
9.641902141448198682e-01
6.649745838652111329e-01
1.285245546443441578e+00
1.072964642024994530e+00
7.735514500704878671e-01
1.090782619230763695e+00
1.004743003567240889e+00
3.841884094070787126e-01
8.313659888176936352e-01
7.067403411647068534e-01
6.793333848814403497e-01
1.019257612759409071e+00
1.234642835362189217e+00
1.241665958835272754e+00
