-1.000000000000000000e+00 1.334605577509041519e-01 1.195239932518450156e-02 -2.255927537548619299e-01 -2.135250514811265488e-02 -1.216709477901652681e-01 -2.249552255382372135e-01 4.086497434561548597e-02 -8.989556187760082417e-02 -1.628263784332952269e-01
-1.649129507520901150e-01 -1.000000000000000000e+00 5.671101460952143736e-02 2.090988856583228250e-01 -2.200102271119486457e-03 1.647293298016955509e-01 2.217175367671314901e-01 1.818571548344762034e-01 -3.739873851164339236e-01 1.942719538324788053e-01
5.369863825154416737e-02 6.700413410737358910e-02 -1.000000000000000000e+00 6.051922085968575865e-02 5.050382265221032424e-02 -5.674917687644001618e-02 -3.006749410921019106e-01 -1.722093054624810118e-02 -1.270811634671385748e-01 1.707888314399897689e-01
-4.565799354570303226e-02 1.319861268958986977e-02 -1.343344966685981745e-01 -1.000000000000000000e+00 -1.823537166241860630e-03 -2.348584381082549633e-01 4.754249098395039314e-02 -1.677149587207705725e-02 -1.874787625293628801e-01 -3.791939107064486447e-01
8.112066507357025558e-02 -4.705216791865853010e-02 -8.380168824105367620e-02 -3.733932551646456516e-02 -1.000000000000000000e+00 -7.874224595602316579e-03 1.369570801444582563e-02 -2.351268657408497609e-01 2.604671764130265244e-01 1.450675876759413840e-01
1.686972147392599430e-01 7.537720645495312073e-03 1.449358480393191373e-01 5.865184448646086623e-02 9.695370611863922405e-02 -1.000000000000000000e+00 -2.330421465842250073e-01 1.626761559812557045e-01 -3.059439816089201125e-01 -3.793731876872259712e-02
-3.233784480341470036e-02 -1.648906663257672933e-01 9.694327984847689317e-02 -3.167490697178399622e-02 -6.907494732357247202e-02 8.219419463469276876e-02 -1.000000000000000000e+00 2.196170172426210321e-01 5.556992679899592363e-02 -7.499863038737446252e-02
-3.074152849503448692e-01 -2.067739359787139353e-01 1.718430355528131892e-01 -8.001204914537443647e-03 -4.476600351160488905e-02 2.598208934877653808e-01 -2.028046525183374027e-01 -1.000000000000000000e+00 -7.472267263421146499e-02 9.270806433551444237e-02
-1.049141267166141672e-01 -9.698987795103450327e-02 -2.537964039501271474e-01 1.153202663391394850e-01 1.274618242207261054e-01 -7.532177730651848369e-02 2.582631303991841931e-02 -2.043852978252569119e-01 -1.000000000000000000e+00 2.178731757301081706e-01
2.146091340693771082e-02 3.653005420581679763e-01 -1.244661011385133631e-01 9.175102237755580759e-02 -3.091218558946724759e-02 8.946365683745263753e-02 -1.140216077416257318e-03 -8.873321237377958248e-02 -1.371822555701047164e-01 -1.000000000000000000e+00
