-1.000000000000000000e+00 -1.814535095504685447e-01 1.117344121242807159e-01 4.272520003572242292e-02 1.318381983339340369e-01 -4.037217718838671116e-02 -1.099676041494554862e-01 -8.302570659257006713e-02 -4.282526300833836008e-02 -2.095668286007694101e-02
-1.495635671654747811e-01 -1.000000000000000000e+00 -2.913592311820978886e-01 -6.056991641954492800e-02 -2.790108775568794428e-02 3.093619747984416857e-01 2.510194777125543397e-01 1.943496040662754942e-01 1.214096995589794836e-01 -4.696826758585429147e-03
-2.670372106108880317e-01 -5.253847605364764251e-02 -1.000000000000000000e+00 -1.149668528936868689e-01 1.426503775915405892e-01 -3.945381892654534900e-02 -1.237051094636617138e-01 -2.590035237065518303e-01 2.182694532698220558e-01 1.546101584677667395e-01
-6.836348917687662743e-03 6.899550650431608700e-02 -1.568855770124729515e-02 -1.000000000000000000e+00 5.340419709105643370e-02 -6.840436469265295805e-02 -9.602516918536756207e-02 -1.993642039969162061e-01 -5.345759322182009471e-02 1.821855412987449518e-01
-2.797250732379359395e-01 7.363734001636583482e-02 7.256717942606084881e-02 -9.614958203129278513e-02 -1.000000000000000000e+00 -9.554178056063236668e-02 -9.472608981013685980e-02 8.962423782176770493e-02 7.931789093016405889e-02 -4.413594892263880687e-02
9.265610229263658570e-02 -1.293447584474692602e-01 6.316054511879182903e-03 1.764811592359764036e-01 -5.058969445637675338e-02 -1.000000000000000000e+00 -2.135857689495080092e-01 -2.972695820801602232e-02 7.634940926483659018e-02 -7.504394857398213881e-02
2.307923969883509951e-01 1.033391489782253120e-01 1.250980256731375889e-02 1.501261389436105709e-01 1.949298792060732977e-01 1.974753575123976423e-01 -1.000000000000000000e+00 -1.099104806776776966e-01 4.006378620486822188e-03 -1.156447204375000148e-01
3.114903737784284199e-01 -2.967284764561653465e-01 3.207718363306324982e-02 -2.322766156861225395e-01 -1.707835344884137130e-01 2.047096795892197063e-01 -1.830739291143595321e-02 -1.000000000000000000e+00 7.489404508276978345e-02 -7.451168028637861207e-02
9.395959261832376175e-02 9.614215529584754782e-02 1.595536093976492216e-03 -5.688444321766420592e-02 3.396960698678289786e-02 1.515665507272243029e-01 -2.445716851409128478e-02 -1.251936397615243876e-02 -1.000000000000000000e+00 1.388044010227391656e-01
-9.867469455858575433e-02 1.468997849307074888e-01 8.325791193047071825e-02 2.013954069299591088e-01 6.781118200016887643e-02 -1.394190448476426980e-01 3.714402560374177598e-01 1.970413136221372263e-01 3.314067377679420692e-03 -1.000000000000000000e+00
